2: 77, 228, 1000, 1006, 1015, 1106, 1889, 1892, 2559, 4978
3: 1222, 2158, 2173, 2174, 1, 2, 3, 4, 5, 7
4: 1, 2, 3, 4, 5, 6, 8, 10, 11, 13
5: 1520, 2524, 7650, 9233, 1, 2, 3, 4, 5, 7
6: 1, 2, 3, 4, 5, 6, 7, 8, 9, 11
7: 1, 2, 3, 4, 5, 6, 7, 8, 9, 11
8: 1, 2, 3, 4, 5, 6, 7, 8, 9, 11
9: 89, 898, 1009, 1048, 1339, 1904, 3865, 5929, 6505, 7414
10: 412, 2343, 2595, 7324, 51, 72, 166, 173, 185, 234
11: 1, 2, 3, 4, 5, 6, 7, 8, 9, 11
12: 1, 2, 3, 4, 5, 6, 7, 8, 9, 11
13: 323, 681, 423, 89, 285, 289, 403, 511, 3501, 257
14: 1, 2, 3, 4, 5, 6, 7, 8, 9, 11
15: 51, 57, 58, 59, 64, 70, 72, 81, 84, 155
17: 2020, 67, 293, 1698, 295, 290, 679, 8370, 11379, 5746
16: 1, 2, 3, 4, 5, 6, 7, 8, 9, 11
18: 1, 2, 3, 4, 5, 6, 7, 8, 9, 11
21: 1, 2, 3, 4, 5, 6, 7, 8, 9, 11
20: 1, 2, 3, 4, 5, 6, 7, 8, 9, 11
23: 174, 198, 201, 380, 460, 517, 724, 726, 841, 918
22: 1, 2, 3, 4, 5, 6, 7, 8, 9, 11
25: 1, 2, 3, 4, 5, 6, 7, 8, 9, 11
24: 1, 2, 3, 4, 5, 6, 8, 9, 10, 12
27: 7, 65, 159, 173, 190, 198, 298, 301, 344, 416
26: 1, 2, 3, 4, 5, 7, 8, 9, 10, 12
29: 230, 324, 377, 412, 470, 471, 492, 816, 1041, 1180
28: 157, 233, 864, 889, 1330, 2183, 3675, 4590, 13176, 67
31: 1, 2, 3, 4, 5, 6, 7, 8, 9, 11
30: 1, 2, 3, 4, 5, 6, 7, 8, 9, 11
34: 159, 3893, 7533, 12820, 429, 618, 715, 867, 878, 1707
35: 1, 2, 3, 4, 5, 6, 7, 8, 9, 11
32: 612, 1, 2, 3, 4, 5, 6, 7, 8, 10
33: 1, 2, 3, 4, 5, 7, 8, 10, 11, 13
38: 65, 154, 680, 171, 172, 184, 191, 221, 230, 293
39: 1, 2, 3, 4, 5, 6, 7, 8, 9, 11
36: 1, 2, 3, 4, 5, 6, 7, 8, 9, 11
37: 512, 735, 868, 917, 1360, 1369, 1513, 2026, 2375, 2491
42: 72, 152, 171, 182, 198, 207, 208, 210, 220, 234
43: 1, 2, 3, 4, 5, 6, 7, 8, 9, 11
40: 37, 40, 757, 1253, 1277, 1278, 1793, 4308, 4875, 7522
41: 724, 174, 198, 201, 220, 234, 380, 460, 517, 707
46: 1, 2, 3, 4, 5, 6, 7, 8, 9, 11
47: 1, 2, 3, 4, 5, 6, 7, 8, 9, 11
44: 1, 2, 3, 4, 5, 6, 7, 8, 9, 11
45: 1, 2, 3, 4, 5, 6, 7, 8, 9, 11
51: 3, 6, 7, 12, 20, 23, 28, 47, 48, 55
50: 57, 69, 86, 429, 518, 601, 871, 975, 1412, 2524
49: 1, 2, 3, 4, 5, 6, 7, 8, 9, 11
48: 1, 2, 3, 4, 5, 6, 7, 8, 9, 11
55: 1, 2, 3, 4, 5, 6, 7, 8, 9, 11
54: 1, 2, 3, 4, 5, 6, 7, 8, 9, 11
53: 56, 65, 88, 154, 155, 157, 190, 227, 229, 278
52: 1, 2, 3, 4, 5, 6, 7, 8, 9, 11
59: 1, 2, 3, 4, 5, 6, 7, 8, 9, 11
58: 1, 2, 3, 4, 5, 6, 7, 8, 9, 11
57: 209, 420, 539, 547, 599, 709, 1098, 1807, 1978, 2821
56: 30, 46, 56, 59, 65, 70, 81, 88, 89, 152
63: 7, 15, 25, 72, 89, 96, 154, 173, 181, 226
62: 1, 2, 3, 4, 5, 6, 7, 8, 9, 11
61: 53, 55, 65, 67, 69, 154, 171, 203, 227, 231
60: 159, 441, 424, 863, 2591, 4541, 5429, 7076, 12219, 12221
68: 55, 291, 293, 301, 302, 305, 309, 310, 318, 325
69: 1, 2, 3, 4, 5, 6, 7, 8, 9, 11
70: 55, 56, 65, 84, 88, 152, 154, 167, 182, 220
71: 1, 2, 3, 4, 5, 6, 8, 9, 10, 12
64: 69, 157, 1001, 1427, 1795, 1892, 10145, 12115, 16507, 16509
65: 503, 779, 2843, 3240, 9761, 1, 2, 3, 4, 6
66: 877, 1413, 1464, 7062, 7063, 7064, 190, 441, 612, 1878
76: 288, 6497, 55, 265, 292, 299, 300, 302, 331, 466
77: 51, 56, 72, 172, 173, 207, 220, 511, 525, 768
78: 1, 2, 3, 4, 5, 6, 7, 8, 9, 11
79: 56, 67, 71, 97, 155, 209, 230, 234, 265, 298
72: 7, 65, 69, 72, 161, 172, 173, 226, 288, 299
73: 1, 2, 3, 4, 5, 6, 7, 8, 9, 11
74: 289, 13731, 89, 155, 166, 227, 291, 292, 300, 340
75: 2548, 7, 56, 65, 88, 154, 190, 227, 228, 318
85: 1, 2, 3, 4, 5, 6, 8, 9, 10, 12
84: 1, 2, 3, 4, 5, 6, 7, 8, 9, 11
87: 1, 2, 3, 4, 5, 6, 7, 8, 9, 11
86: 1, 3, 4, 5, 6, 7, 8, 9, 10, 12
81: 1, 2, 3, 4, 5, 6, 7, 8, 9, 11
80: 45, 107, 154, 162, 171, 198, 217, 220, 229, 234
83: 1, 2, 3, 4, 5, 6, 7, 8, 9, 11
82: 1, 2, 3, 4, 5, 6, 7, 8, 9, 11
92: 1, 2, 3, 4, 5, 6, 7, 8, 9, 11
95: 466, 1, 2, 3, 4, 5, 6, 7, 8, 10
94: 166, 203, 206, 227, 298, 416, 441, 511, 620, 689
89: 292, 701, 412, 466, 1400, 1513, 1, 2, 3, 5
88: 982, 4079, 6836, 615, 1632, 4369, 5452, 217, 229, 424
91: 27, 53, 752, 841, 917, 1369, 1814, 2042, 2593, 6126
90: 1, 2, 3, 4, 5, 6, 7, 8, 9, 11
102: 1, 2, 3, 4, 5, 6, 7, 8, 9, 11
103: 30, 51, 59, 61, 67, 81, 84, 153, 163, 180
100: 1, 2, 3, 4, 5, 6, 7, 8, 9, 11
101: 1, 2, 3, 4, 5, 6, 9, 10, 11, 13
98: 7, 69, 189, 190, 203, 209, 220, 229, 257, 293
99: 1, 2, 3, 4, 5, 6, 7, 8, 9, 11
96: 1, 2, 3, 4, 5, 6, 7, 8, 9, 11
97: 1097, 157, 424, 458, 689, 1048, 1191, 2242, 12621, 56
110: 1, 2, 3, 4, 5, 6, 7, 8, 9, 11
111: 1, 2, 3, 4, 5, 6, 7, 8, 9, 11
108: 1, 2, 3, 4, 5, 6, 7, 8, 9, 11
109: 1, 2, 3, 4, 5, 6, 7, 8, 9, 11
106: 1, 2, 3, 4, 5, 6, 7, 8, 9, 11
107: 1, 2, 3, 4, 5, 6, 7, 8, 9, 11
104: 1, 2, 3, 4, 5, 6, 7, 8, 9, 11
105: 1, 2, 3, 4, 5, 6, 7, 8, 9, 11
119: 944, 14871, 14872, 15250, 15251, 15252, 15253, 15254, 843, 956
118: 1874, 497, 1, 2, 3, 4, 5, 6, 7, 9
117: 1, 2, 3, 4, 5, 6, 7, 8, 9, 11
116: 6619, 6887, 1, 2, 3, 4, 5, 6, 8, 10
115: 302, 734, 1372, 1412, 2183, 2346, 5168, 8311, 8312, 572
114: 1, 2, 3, 4, 5, 6, 7, 8, 9, 11
113: 1, 2, 3, 4, 5, 6, 7, 8, 9, 11
127: 56, 65, 67, 152, 159, 176, 182, 183, 187, 198
126: 292, 67, 64, 97, 290, 295, 386, 430, 524, 532
125: 1, 2, 3, 4, 5, 6, 7, 8, 9, 11
124: 57, 4037, 6516, 1, 2, 3, 4, 5, 6, 9
123: 1, 2, 3, 4, 5, 6, 7, 8, 9, 11
122: 1, 2, 3, 4, 5, 6, 7, 8, 9, 11
121: 328, 344, 466, 669, 679, 680, 681, 685, 1459, 3377
120: 1, 2, 3, 4, 5, 6, 7, 8, 9, 11
137: 67, 70, 89, 161, 173, 180, 217, 228, 229, 300
136: 1, 2, 3, 4, 5, 6, 7, 8, 9, 11
139: 1, 2, 3, 4, 5, 6, 8, 9, 10, 12
141: 1, 2, 3, 4, 5, 6, 7, 8, 9, 11
140: 1, 2, 3, 4, 5, 6, 7, 8, 9, 11
143: 1, 2, 3, 4, 5, 6, 7, 8, 9, 11
142: 1, 2, 3, 4, 5, 6, 8, 9, 10, 12
129: 1, 2, 3, 4, 5, 6, 7, 8, 9, 11
128: 16, 36, 40, 45, 53, 55, 67, 68, 69, 80
131: 1, 2, 3, 4, 5, 6, 7, 8, 9, 11
130: 56, 77, 173, 180, 182, 184, 190, 191, 209, 228
133: 1, 2, 3, 4, 5, 6, 7, 8, 9, 11
132: 328, 538, 1, 2, 3, 4, 5, 6, 7, 9
135: 34, 38, 97, 190, 191, 238, 290, 291, 294, 298
134: 461, 687, 1, 2, 3, 4, 5, 6, 8, 10
152: 1, 2, 3, 4, 5, 6, 7, 8, 9, 11
153: 12, 15, 101, 152, 163, 181, 186, 391, 489, 778
154: 89, 190, 230, 288, 292, 295, 300, 306, 314, 324
155: 98, 203, 234, 429, 612, 851, 852, 857, 863, 1513
156: 1, 2, 3, 4, 5, 6, 7, 8, 9, 11
157: 1, 2, 3, 4, 5, 6, 7, 8, 9, 11
158: 7, 55, 56, 65, 67, 70, 72, 89, 97, 157
159: 1, 2, 3, 4, 5, 6, 7, 8, 9, 11
144: 1, 2, 3, 4, 5, 6, 7, 8, 9, 11
145: 1, 2, 3, 4, 5, 6, 7, 8, 9, 11
146: 1, 2, 3, 4, 5, 6, 7, 8, 9, 11
147: 7, 56, 58, 67, 71, 89, 157, 161, 167, 207
148: 1, 2, 3, 4, 5, 6, 7, 8, 9, 11
149: 1, 2, 3, 4, 5, 6, 7, 8, 9, 11
150: 1, 2, 3, 4, 5, 6, 7, 8, 9, 11
151: 289, 1, 2, 3, 4, 5, 6, 7, 8, 10
171: 1, 2, 3, 4, 5, 6, 7, 8, 9, 11
170: 830, 831, 1, 2, 3, 4, 5, 6, 7, 9
168: 195, 210, 1944, 1946, 603, 1, 2, 3, 4, 6
175: 1447, 55, 56, 67, 157, 166, 191, 192, 197, 234
174: 1, 2, 3, 4, 5, 6, 7, 8, 9, 11
173: 533, 1424, 8708, 10740, 13716, 65, 81, 152, 182, 188
172: 1, 2, 3, 4, 5, 6, 8, 9, 10, 12
163: 1, 2, 3, 4, 5, 6, 7, 8, 9, 11
162: 1, 2, 3, 4, 5, 6, 8, 9, 10, 12
161: 1, 2, 3, 4, 5, 6, 7, 8, 9, 11
166: 1, 2, 3, 4, 5, 6, 7, 8, 9, 11
164: 70, 203, 225, 228, 229, 230, 235, 288, 333, 533
186: 207, 1, 2, 3, 4, 5, 6, 7, 8, 10
187: 59, 1001, 51, 441, 100, 187, 429, 511, 874, 2029
184: 1, 2, 3, 4, 5, 6, 7, 8, 9, 11
185: 67, 157, 289, 295, 374, 375, 379, 511, 972, 1161
190: 1, 2, 3, 4, 5, 6, 7, 8, 9, 11
191: 1, 2, 3, 4, 5, 6, 8, 9, 10, 12
189: 1, 2, 3, 4, 5, 6, 8, 9, 10, 12
178: 1, 2, 3, 4, 5, 6, 7, 8, 9, 11
179: 1, 2, 3, 4, 5, 6, 8, 9, 10, 12
176: 67, 77, 85, 98, 155, 157, 159, 172, 187, 193
177: 707, 1, 2, 3, 4, 5, 6, 7, 8, 10
182: 1, 2, 3, 4, 5, 6, 7, 8, 9, 11
183: 1, 2, 3, 4, 5, 6, 7, 8, 9, 11
180: 423, 425, 446, 526, 632, 757, 898, 914, 1632, 2264
181: 1, 2, 3, 4, 5, 6, 7, 8, 9, 11
205: 234, 1788, 1, 2, 3, 4, 5, 6, 7, 9
204: 89, 154, 198, 199, 200, 222, 226, 511, 562, 757
207: 1, 2, 3, 4, 5, 6, 7, 8, 9, 11
206: 59, 84, 89, 182, 220, 248, 276, 418, 420, 430
201: 56, 61, 75, 159, 187, 511, 529, 1009, 1072, 1713
200: 1, 2, 3, 4, 5, 6, 7, 8, 9, 11
203: 1, 2, 3, 4, 5, 6, 7, 8, 9, 11
202: 7, 8, 25, 51, 55, 56, 65, 72, 99, 176
196: 1, 2, 3, 4, 5, 6, 7, 8, 9, 11
198: 1, 2, 3, 4, 5, 6, 7, 8, 9, 11
193: 1, 2, 3, 4, 5, 6, 7, 8, 9, 11
192: 3028, 1, 2, 3, 4, 5, 6, 7, 8, 10
195: 1, 2, 3, 4, 5, 6, 7, 8, 9, 11
194: 162, 233, 436, 604, 618, 621, 632, 763, 1062, 2277
220: 65, 67, 90, 316, 697, 885, 1394, 171, 173, 301
223: 466, 1, 2, 3, 4, 5, 6, 7, 8, 10
216: 30, 51, 53, 59, 61, 65, 67, 75, 81, 153
217: 226, 751, 763, 856, 1221, 1229, 1418, 3444, 3508, 3809
218: 30, 56, 67, 72, 81, 159, 181, 233, 238, 722
219: 53, 173, 228, 498, 1075, 12547, 65, 70, 72, 89
212: 6, 8, 15, 25, 56, 63, 65, 69, 72, 81
213: 72, 176, 229, 424, 425, 486, 498, 518, 704, 712
214: 7, 51, 55, 56, 58, 65, 72, 99, 155, 166
215: 1, 2, 3, 4, 5, 6, 7, 8, 9, 11
208: 186, 188, 234, 813, 815, 821, 1214, 2172, 2370, 2765
209: 1, 2, 3, 4, 5, 6, 7, 8, 9, 11
210: 1, 2, 3, 4, 5, 6, 7, 8, 9, 11
211: 1, 2, 3, 4, 5, 6, 7, 8, 10, 12
238: 1, 2, 3, 4, 5, 6, 8, 9, 10, 12
237: 197, 601, 1, 2, 3, 4, 5, 6, 7, 9
236: 1, 2, 3, 4, 5, 6, 7, 8, 9, 11
235: 174, 198, 201, 220, 234, 380, 460, 517, 724, 841
234: 936, 15250, 15251, 15252, 15253, 15254, 1, 2, 3, 5
233: 1, 2, 3, 4, 5, 6, 7, 8, 9, 11
232: 1, 2, 3, 4, 5, 6, 8, 9, 10, 12
231: 1, 2, 3, 4, 5, 6, 7, 8, 9, 11
230: 1, 2, 3, 4, 5, 6, 7, 8, 9, 11
229: 1, 2, 3, 4, 5, 6, 8, 9, 10, 12
228: 1, 2, 3, 4, 5, 6, 7, 8, 9, 11
227: 1, 2, 3, 4, 5, 6, 7, 8, 9, 11
226: 1, 2, 3, 4, 5, 6, 7, 8, 9, 11
225: 1, 2, 3, 4, 5, 6, 8, 9, 10, 12
224: 1, 2, 3, 4, 5, 6, 7, 8, 9, 11
254: 1, 2, 3, 4, 5, 6, 7, 8, 9, 11
255: 58, 102, 103, 104, 105, 106, 107, 108, 109, 111
252: 1, 2, 3, 4, 5, 6, 7, 8, 9, 11
253: 1, 2, 3, 4, 5, 6, 7, 8, 9, 11
250: 1, 2, 3, 4, 5, 6, 7, 8, 9, 11
251: 1, 2, 3, 4, 5, 6, 7, 8, 9, 11
248: 1, 2, 3, 4, 5, 6, 7, 8, 9, 11
249: 1, 2, 3, 4, 5, 6, 8, 9, 10, 12
247: 154, 159, 182, 184, 210, 291, 300, 342, 344, 424
244: 171, 173, 182, 511, 614, 689, 900, 969, 3104, 4036
242: 262, 367, 400, 468, 531, 2092, 3330, 5947, 6562, 16723
243: 1, 2, 3, 4, 5, 6, 7, 8, 9, 11
240: 7, 56, 65, 72, 159, 166, 173, 184, 190, 207
241: 207, 226, 424, 439, 1, 2, 3, 4, 5, 8
275: 1, 2, 3, 4, 5, 6, 7, 8, 9, 11
274: 2094, 3501, 9566, 67, 89, 288, 295, 296, 324, 367
273: 1, 2, 3, 4, 5, 6, 8, 9, 10, 12
279: 757, 1035, 5960, 5961, 5962, 1, 2, 3, 4, 6
278: 1, 2, 3, 4, 5, 6, 7, 8, 9, 11
277: 1, 2, 3, 4, 5, 6, 7, 8, 9, 12
283: 58, 154, 238, 1781, 2419, 2711, 3902, 4113, 4401, 6949
282: 56, 152, 183, 418, 964, 1098, 1117, 1118, 1120, 1122
281: 14306, 982, 1346, 1372, 1810, 2013, 2360, 3470, 3473, 4341
280: 64, 69, 71, 88, 155, 189, 207, 208, 220, 228
286: 1, 2, 3, 4, 5, 6, 7, 8, 9, 11
285: 383, 924, 1406, 1854, 72, 97, 182, 195, 226, 229
284: 1, 2, 3, 4, 5, 6, 7, 8, 9, 11
258: 1, 2, 3, 4, 5, 6, 7, 8, 9, 11
259: 25, 72, 81, 187, 198, 209, 220, 226, 227, 233
256: 1, 2, 3, 4, 5, 6, 7, 8, 9, 11
257: 1, 3, 4, 5, 6, 8, 12, 15, 16, 19
262: 1, 2, 3, 4, 5, 6, 7, 8, 9, 11
263: 877, 1064, 4880, 6696, 63, 1, 2, 3, 4, 6
260: 1, 2, 3, 4, 5, 6, 7, 8, 9, 11
261: 1, 2, 3, 4, 5, 6, 7, 8, 9, 11
266: 1, 2, 3, 4, 5, 6, 7, 8, 9, 11
267: 299, 1042, 466, 321, 327, 344, 333, 161, 701, 2607
264: 7, 30, 36, 53, 56, 61, 67, 77, 81, 89
265: 7, 27, 36, 56, 67, 72, 163, 190, 207, 238
270: 441, 857, 1048, 1, 2, 3, 4, 5, 6, 8
271: 1, 2, 3, 4, 5, 6, 7, 8, 9, 11
268: 1, 2, 3, 4, 5, 6, 8, 9, 10, 12
269: 59, 159, 429, 1083, 3276, 36, 67, 72, 441, 627
305: 1, 2, 3, 4, 5, 6, 7, 8, 9, 11
304: 7, 51, 55, 99, 203, 215, 226, 227, 233, 289
307: 1, 2, 3, 4, 5, 6, 7, 8, 9, 11
306: 1, 2, 3, 4, 5, 6, 8, 9, 10, 12
308: 1, 2, 3, 4, 5, 6, 7, 8, 9, 11
311: 1, 2, 3, 4, 5, 6, 7, 8, 9, 11
310: 1, 2, 3, 4, 5, 6, 7, 8, 9, 11
313: 1, 2, 3, 4, 5, 6, 7, 8, 10, 13
312: 288, 2, 3, 4, 5, 6, 9, 10, 11, 13
315: 55, 57, 58, 65, 67, 72, 97, 157, 161, 180
314: 1, 2, 3, 4, 5, 6, 7, 8, 9, 11
317: 952, 1810, 2342, 1, 2, 3, 4, 5, 6, 8
316: 808, 840, 1547, 1873, 4218, 4346, 8937, 14827, 14828, 805
319: 56, 89, 154, 198, 199, 200, 222, 356, 403, 498
318: 1, 2, 3, 4, 5, 6, 7, 8, 9, 11
288: 152, 5153, 1, 2, 3, 4, 5, 6, 7, 9
289: 53, 1042, 57, 107, 161, 173, 191, 207, 208, 230
290: 1, 2, 3, 4, 5, 6, 7, 8, 9, 11
291: 1, 2, 3, 4, 5, 6, 7, 8, 9, 11
292: 1, 2, 3, 4, 5, 6, 7, 8, 9, 11
293: 1, 2, 3, 4, 5, 6, 7, 8, 9, 11
294: 1, 2, 3, 4, 5, 6, 7, 8, 9, 11
295: 15, 25, 181, 190, 226, 228, 812, 821, 824, 936
296: 11774, 14988, 14989, 14990, 14991, 14992, 14993, 14994, 14995, 14997
297: 70, 3902, 1, 2, 3, 4, 5, 6, 7, 9
298: 1, 2, 3, 4, 5, 6, 7, 8, 9, 11
299: 1, 2, 3, 4, 5, 6, 7, 8, 9, 11
300: 163, 154, 157, 207, 217, 220, 227, 228, 229, 298
301: 220, 306, 439, 464, 466, 533, 1042, 6528, 12964, 2
302: 58, 65, 67, 97, 157, 166, 171, 172, 173, 190
303: 7, 53, 65, 70, 72, 80, 81, 89, 96, 163
343: 1, 2, 3, 4, 5, 6, 7, 8, 9, 11
342: 61, 152, 199, 212, 225, 233, 418, 436, 441, 610
341: 1, 2, 3, 4, 5, 6, 7, 8, 9, 11
340: 1, 2, 3, 4, 5, 6, 7, 8, 9, 11
339: 1, 2, 3, 4, 5, 6, 7, 8, 9, 11
338: 75, 77, 180, 488, 877, 998, 1013, 1076, 1079, 1889
337: 1, 2, 3, 4, 5, 6, 7, 8, 9, 11
336: 490, 498, 499, 808, 816, 3053, 4891, 5926, 53, 70
351: 292, 1, 2, 3, 4, 5, 6, 7, 8, 10
350: 1, 2, 3, 4, 5, 6, 7, 8, 9, 11
349: 1, 2, 3, 4, 5, 6, 7, 8, 9, 11
348: 1, 2, 3, 4, 5, 6, 7, 8, 9, 11
347: 1, 2, 3, 4, 5, 6, 8, 9, 10, 12
346: 1, 2, 3, 4, 5, 6, 8, 9, 10, 12
345: 7, 187, 420, 430, 475, 715, 716, 1369, 1977, 4382
344: 72, 159, 220, 441, 512, 559, 599, 605, 631, 868
326: 55, 198, 257, 289, 310, 317, 320, 326, 329, 405
327: 1, 2, 3, 4, 5, 6, 7, 8, 9, 11
324: 14306, 1346, 1810, 2343, 2360, 3473, 4333, 4341, 10125, 14308
325: 1, 3, 4, 5, 6, 7, 8, 12, 15, 17
322: 1, 2, 3, 4, 5, 6, 7, 8, 9, 11
320: 65, 217, 683, 1643, 3748, 184, 191, 204, 206, 229
321: 1366, 2790, 1, 2, 3, 4, 5, 6, 8, 10
334: 1, 2, 3, 4, 5, 6, 7, 8, 9, 11
335: 1, 2, 3, 4, 5, 6, 7, 8, 9, 11
332: 1, 2, 3, 4, 5, 6, 8, 9, 10, 12
333: 89, 155, 207, 209, 257, 285, 291, 293, 294, 310
330: 1, 2, 3, 4, 5, 6, 7, 8, 9, 11
331: 1, 2, 3, 4, 5, 6, 7, 8, 9, 11
328: 55, 58, 67, 86, 97, 154, 159, 180, 191, 230
329: 1, 2, 3, 4, 5, 6, 7, 8, 9, 11
372: 472, 497, 3928, 7947, 2352, 2794, 65, 163, 176, 378
375: 1, 2, 3, 4, 5, 6, 8, 9, 10, 12
369: 2242, 2906, 10555, 65, 223, 248, 249, 267, 331, 527
368: 217, 433, 1, 2, 3, 4, 5, 6, 7, 9
371: 1, 2, 3, 4, 5, 6, 7, 8, 9, 11
370: 1, 2, 3, 4, 5, 6, 7, 8, 9, 11
380: 55, 56, 72, 157, 161, 175, 209, 229, 239, 287
383: 1, 2, 3, 4, 5, 6, 7, 8, 9, 11
382: 65, 229, 259, 276, 278, 331, 547, 1613, 1620, 1640
377: 1, 2, 3, 4, 5, 6, 7, 8, 9, 11
376: 227, 917, 2624, 188, 407, 436, 1426, 2346, 2853, 724
378: 1, 2, 3, 4, 5, 6, 7, 8, 9, 11
356: 1, 2, 3, 4, 5, 6, 7, 8, 9, 11
357: 1, 2, 3, 4, 5, 6, 7, 8, 9, 11
358: 1, 2, 3, 4, 5, 6, 7, 8, 9, 11
359: 1, 2, 3, 4, 5, 6, 7, 8, 9, 11
352: 227, 288, 310, 318, 321, 325, 349, 461, 465, 686
353: 7, 55, 65, 67, 72, 77, 88, 157, 161, 173
354: 55, 67, 88, 154, 157, 161, 173, 180, 191, 207
355: 1, 2, 3, 4, 5, 6, 7, 8, 9, 11
364: 216, 222, 16778, 126, 204, 206, 209, 231, 234, 238
365: 1, 2, 3, 4, 5, 6, 7, 8, 9, 11
366: 748, 1, 2, 3, 4, 5, 6, 7, 8, 10
367: 7, 65, 89, 154, 182, 184, 189, 190, 191, 204
360: 100, 585, 997, 1002, 1073, 1123, 1414, 1416, 1465, 1686
361: 1, 2, 3, 4, 5, 6, 7, 8, 9, 11
362: 163, 174, 182, 184, 207, 221, 222, 229, 342, 424
363: 1, 2, 3, 4, 5, 6, 7, 8, 9, 11
410: 1, 2, 3, 4, 5, 6, 7, 8, 9, 11
411: 1, 2, 3, 4, 5, 6, 7, 8, 9, 11
408: 1, 2, 3, 4, 5, 6, 7, 8, 9, 11
409: 55, 65, 154, 204, 246, 256, 257, 261, 270, 288
414: 1, 2, 3, 4, 5, 6, 7, 8, 9, 11
415: 53, 196, 206, 331, 433, 440, 757, 858, 1609, 2398
412: 377, 455, 830, 3928, 14699, 1, 2, 3, 4, 6
413: 1, 2, 3, 4, 5, 6, 7, 8, 9, 11
402: 518, 813, 830, 834, 918, 919, 930, 1119, 1195, 1547
403: 1, 2, 3, 4, 5, 6, 7, 8, 10, 12
400: 1, 2, 3, 4, 5, 6, 7, 8, 9, 11
401: 72, 209, 229, 957, 1045, 1206, 4834, 97, 228, 412
406: 67, 289, 300, 328, 378, 511, 726, 727, 903, 1009
407: 56, 222, 249, 440, 605, 1117, 1163, 1950, 1954, 1963
404: 816, 7, 157, 173, 189, 190, 198, 204, 220, 234
405: 1, 2, 3, 4, 5, 6, 7, 8, 9, 11
395: 779, 806, 1196, 1541, 1547, 3028, 4496, 4497, 4498, 188
394: 53, 67, 88, 89, 154, 161, 184, 203, 227, 239
393: 229, 1044, 154, 159, 166, 173, 176, 182, 184, 212
392: 7, 69, 72, 172, 226, 295, 299, 468, 535, 599
399: 1, 2, 3, 4, 5, 6, 7, 8, 9, 11
398: 70, 71, 198, 331, 362, 503, 518, 538, 707, 1375
397: 1, 3, 4, 5, 6, 8, 10, 11, 12, 15
396: 72, 173, 229, 89, 157, 204, 234, 419, 424, 709
387: 1, 2, 3, 4, 5, 6, 7, 8, 9, 11
386: 1, 2, 3, 4, 5, 6, 7, 8, 9, 11
385: 55, 63, 66, 67, 71, 72, 77, 86, 88, 154
391: 830, 1672, 1863, 198, 464, 503, 808, 917, 918, 1145
390: 1, 2, 3, 4, 5, 6, 7, 8, 9, 11
388: 1, 3, 4, 5, 6, 7, 8, 9, 10, 12
440: 1, 2, 3, 4, 5, 6, 7, 8, 9, 11
441: 51, 67, 77, 85, 98, 155, 157, 159, 170, 187
442: 1, 2, 3, 4, 5, 6, 7, 8, 9, 11
443: 1, 2, 3, 4, 5, 6, 7, 8, 9, 11
444: 2143, 1, 2, 3, 4, 5, 6, 7, 8, 11
446: 1, 2, 3, 4, 5, 6, 7, 8, 9, 11
447: 1, 2, 3, 4, 5, 6, 7, 8, 9, 11
432: 2080, 4828, 7, 89, 227, 234, 371, 504, 533, 843
433: 1300, 6875, 1, 2, 3, 4, 5, 6, 7, 9
434: 203, 233, 707, 1239, 2823, 4356, 7143, 7147, 11183, 67
435: 1, 2, 3, 4, 5, 6, 7, 8, 9, 11
436: 227, 3110, 1, 2, 3, 4, 5, 6, 7, 9
437: 1, 2, 3, 4, 5, 6, 7, 8, 9, 11
438: 34, 43, 504, 1299, 2044, 2790, 2952, 4165, 5015, 7454
439: 65, 67, 88, 157, 161, 217, 223, 234, 245, 294
425: 1, 2, 3, 4, 5, 6, 7, 8, 9, 11
424: 9, 16, 18, 32, 51, 89, 154, 157, 159, 188
427: 1, 2, 3, 4, 5, 6, 7, 8, 9, 11
426: 1, 2, 3, 4, 5, 6, 7, 8, 9, 11
428: 450, 515, 862, 1787, 3196, 3432, 3769, 4038, 4069, 4732
431: 1, 2, 3, 4, 5, 6, 7, 8, 9, 11
430: 1, 2, 3, 4, 5, 6, 7, 8, 9, 11
417: 1, 2, 3, 4, 5, 6, 7, 8, 9, 11
416: 9, 11, 13, 31, 32, 49, 51, 59, 81, 154
419: 1, 2, 3, 4, 5, 6, 7, 8, 9, 11
418: 65, 190, 184, 192, 204, 211, 227, 228, 229, 355
421: 1, 2, 3, 4, 5, 6, 7, 8, 9, 11
420: 1, 2, 3, 4, 5, 6, 8, 9, 10, 12
423: 182, 30, 61, 75, 221, 310, 644, 877, 907, 1018
478: 1116, 1644, 1, 2, 3, 4, 5, 6, 7, 9
479: 7, 51, 58, 64, 72, 77, 93, 157, 159, 173
476: 7, 30, 51, 53, 56, 65, 71, 72, 75, 153
477: 55, 230, 291, 298, 300, 316, 318, 324, 329, 386
474: 55, 58, 59, 66, 88, 89, 153, 155, 157, 163
475: 46, 53, 55, 56, 57, 59, 64, 67, 69, 71
472: 1, 2, 3, 4, 5, 6, 7, 8, 9, 11
473: 1, 2, 3, 4, 5, 6, 7, 8, 9, 11
470: 1, 2, 3, 4, 5, 6, 7, 8, 9, 11
471: 12, 15, 72, 157, 190, 207, 212, 220, 517, 706
468: 1, 2, 3, 4, 5, 6, 7, 8, 9, 11
469: 1, 2, 3, 4, 5, 6, 7, 8, 9, 11
466: 229, 498, 1, 2, 3, 4, 5, 6, 8, 10
467: 1, 2, 3, 4, 5, 6, 7, 8, 9, 11
464: 88, 207, 7, 53, 56, 70, 81, 89, 154, 173
465: 562, 1, 2, 3, 4, 5, 6, 7, 8, 10
463: 1, 2, 3, 4, 5, 6, 7, 8, 9, 11
462: 235, 562, 715, 728, 734, 2871, 4073, 10847, 15027, 17563
461: 209, 403, 488, 498, 1180, 1189, 2839, 5313, 89, 159
460: 63, 64, 66, 81, 103, 107, 113, 137, 138, 159
459: 1, 2, 3, 4, 5, 6, 7, 8, 9, 11
458: 1, 2, 3, 4, 5, 6, 8, 9, 10, 12
457: 1, 2, 3, 4, 5, 6, 7, 8, 9, 11
456: 55, 97, 291, 292, 294, 314, 324, 325, 352, 423
455: 726, 1, 2, 3, 4, 5, 6, 8, 9, 11
454: 2043, 1, 2, 3, 4, 5, 6, 8, 10, 15
453: 1, 2, 3, 4, 5, 6, 7, 8, 9, 11
452: 1, 2, 3, 4, 5, 6, 7, 8, 9, 11
451: 523, 1, 2, 3, 4, 5, 6, 7, 8, 10
450: 1, 2, 3, 4, 5, 6, 7, 8, 9, 11
449: 1, 2, 3, 4, 5, 6, 7, 8, 9, 11
508: 163, 735, 1413, 3149, 5353, 5848, 9843, 12243, 12255, 12258
509: 89, 288, 294, 295, 462, 468, 69, 157, 228, 285
510: 97, 190, 207, 209, 233, 234, 292, 316, 362, 428
511: 1090, 72, 225, 1976, 2134, 59, 159, 420, 425, 757
504: 67, 230, 233, 257, 273, 279, 289, 292, 295, 301
506: 89, 107, 206, 233, 289, 466, 518, 603, 744, 790
507: 1, 2, 3, 4, 5, 6, 7, 8, 9, 11
500: 1, 2, 3, 4, 5, 6, 7, 8, 9, 11
501: 1, 2, 3, 4, 5, 6, 7, 8, 9, 11
502: 285, 498, 518, 674, 681, 789, 885, 886, 2646, 1
503: 1, 2, 3, 4, 5, 6, 7, 8, 9, 11
496: 1, 2, 3, 4, 5, 7, 8, 10, 11, 13
497: 1, 2, 3, 4, 5, 6, 7, 8, 9, 11
498: 1, 2, 3, 4, 5, 6, 7, 8, 9, 11
499: 1, 2, 3, 4, 5, 6, 8, 10, 11, 13
493: 7, 55, 67, 69, 71, 89, 151, 152, 163, 183
492: 1, 2, 3, 4, 5, 6, 7, 8, 9, 11
495: 1, 2, 3, 4, 5, 6, 7, 8, 9, 11
494: 7, 39, 69, 154, 157, 159, 173, 190, 191, 209
489: 1, 2, 3, 4, 5, 6, 7, 8, 9, 11
488: 7, 53, 172, 173, 228, 289, 298, 324, 378, 464
491: 503, 173, 174, 188, 225, 439, 517, 614, 710, 724
490: 8, 45, 51, 58, 64, 65, 70, 77, 81, 97
485: 103, 3417, 3703, 3805, 4121, 11604, 13332, 14931, 15754, 1
484: 1, 2, 3, 4, 5, 6, 8, 9, 10, 12
487: 1054, 299, 1048, 461, 289, 318, 501, 908, 1400, 8370
486: 7, 39, 58, 64, 71, 72, 97, 154, 155, 172
481: 1, 2, 3, 4, 5, 6, 7, 8, 9, 11
480: 1, 2, 3, 4, 5, 6, 7, 8, 9, 11
482: 614, 735, 856, 917, 918, 1249, 1360, 1426, 1513, 1976
550: 1, 2, 3, 4, 5, 6, 7, 8, 9, 11
551: 1, 2, 3, 4, 5, 6, 7, 8, 9, 11
548: 152, 227, 1131, 1712, 2006, 2576, 2746, 3280, 4971, 503
549: 1, 2, 3, 4, 5, 6, 7, 8, 9, 11
546: 1, 2, 3, 4, 5, 6, 7, 8, 9, 11
547: 1513, 1, 2, 3, 4, 5, 6, 7, 8, 10
544: 53, 58, 81, 163, 203, 207, 227, 228, 237, 604
545: 1, 2, 3, 4, 5, 6, 8, 9, 10, 12
558: 1, 2, 3, 4, 5, 6, 8, 9, 10, 12
559: 1, 2, 3, 4, 5, 6, 7, 8, 9, 11
556: 1, 2, 3, 4, 5, 6, 7, 8, 9, 11
557: 1, 2, 3, 4, 6, 7, 8, 10, 11, 13
555: 1, 2, 3, 4, 5, 6, 7, 8, 9, 11
552: 101, 154, 174, 181, 759, 778, 785, 842, 845, 1222
553: 1, 2, 3, 4, 5, 6, 7, 8, 9, 11
567: 1, 2, 3, 4, 5, 6, 7, 8, 9, 11
566: 7, 19, 31, 37, 40, 41, 65, 173, 176, 198
565: 1, 2, 3, 4, 5, 6, 7, 8, 9, 11
563: 192, 572, 868, 986, 1406, 2459, 2861, 2864, 2901, 4887
562: 1, 2, 3, 4, 5, 6, 7, 8, 9, 11
561: 1, 2, 3, 4, 5, 6, 7, 8, 9, 11
560: 30, 206, 228, 424, 614, 631, 734, 867, 875, 985
575: 1, 2, 3, 4, 5, 6, 8, 9, 10, 12
574: 163, 439, 497, 804, 808, 810, 815, 837, 917, 924
573: 1, 2, 3, 4, 5, 6, 7, 8, 9, 11
572: 1, 2, 3, 4, 5, 6, 7, 8, 9, 11
571: 1, 2, 3, 4, 5, 6, 7, 8, 9, 11
570: 1, 2, 3, 4, 5, 6, 7, 8, 9, 11
569: 1, 2, 3, 4, 5, 6, 7, 8, 9, 11
568: 55, 61, 91, 96, 99, 100, 180, 192, 227, 268
516: 1, 2, 3, 4, 5, 6, 8, 9, 10, 12
517: 1, 2, 3, 4, 5, 6, 7, 8, 9, 11
518: 7, 45, 72, 77, 157, 161, 173, 176, 180, 190
519: 1216, 1, 2, 3, 4, 5, 6, 7, 8, 10
512: 843, 918, 1119, 1, 3, 4, 5, 6, 7, 10
513: 1, 2, 3, 4, 5, 6, 7, 8, 9, 11
514: 1, 2, 3, 4, 5, 6, 7, 8, 9, 11
515: 58, 59, 60, 61, 63, 64, 65, 66, 67, 69
525: 1047, 1, 2, 3, 4, 5, 6, 7, 8, 10
526: 917, 918, 1, 2, 3, 4, 5, 6, 8, 10
527: 1, 2, 3, 4, 5, 6, 7, 8, 9, 11
520: 7, 9, 27, 32, 36, 51, 53, 54, 56, 59
521: 1, 2, 3, 4, 5, 6, 7, 8, 9, 11
523: 6609, 1, 2, 3, 4, 5, 6, 7, 8, 10
533: 1, 2, 3, 4, 5, 6, 7, 8, 9, 11
532: 8, 56, 155, 159, 163, 190, 196, 220, 226, 229
535: 157, 182, 285, 291, 316, 321, 333, 461, 498, 681
534: 1, 3, 4, 5, 6, 8, 10, 11, 12, 15
529: 1413, 11425, 212, 227, 563, 609, 613, 625, 1109, 1422
531: 290, 294, 335, 3367, 3570, 3859, 5767, 5977, 6861, 6863
530: 7, 38, 56, 58, 67, 163, 190, 292, 295, 437
541: 1, 2, 3, 4, 5, 6, 7, 8, 9, 11
540: 997, 1, 2, 3, 4, 5, 6, 7, 8, 10
543: 163, 182, 227, 228, 207, 1, 2, 3, 4, 6
542: 1, 2, 3, 4, 5, 6, 7, 8, 9, 11
537: 681, 420, 425, 646, 802, 1934, 2083, 2101, 5148, 1428
536: 1, 2, 3, 4, 5, 6, 8, 9, 10, 12
539: 1, 2, 3, 4, 5, 6, 7, 8, 9, 11
538: 1, 2, 3, 4, 5, 6, 7, 8, 9, 11
611: 1, 2, 3, 4, 5, 6, 7, 8, 9, 11
608: 945, 1005, 1447, 1459, 1468, 2054, 2982, 3081, 3488, 3921
609: 528, 97, 204, 305, 704, 1047, 1106, 1511, 1602, 2852
614: 1672, 157, 209, 257, 317, 344, 486, 498, 507, 693
612: 1, 2, 3, 4, 5, 6, 7, 8, 9, 11
613: 1, 2, 3, 4, 5, 6, 7, 8, 9, 11
618: 1, 2, 3, 4, 5, 6, 7, 8, 9, 11
619: 107, 267, 527, 616, 1098, 1640, 1964, 1965, 1966, 1968
616: 1, 2, 3, 4, 5, 6, 7, 8, 9, 11
617: 332, 1, 2, 3, 4, 5, 6, 7, 8, 10
622: 152, 250, 370, 506, 607, 610, 724, 733, 854, 936
623: 1, 2, 3, 4, 5, 6, 7, 8, 9, 11
620: 265, 386, 55, 180, 535, 637, 641, 676, 680, 701
621: 1, 2, 3, 4, 5, 6, 7, 8, 9, 11
627: 1, 2, 3, 4, 5, 6, 7, 8, 9, 11
625: 1, 2, 3, 4, 5, 6, 7, 8, 9, 11
624: 1, 2, 3, 4, 5, 6, 7, 8, 9, 11
631: 97, 292, 46, 56, 70, 81, 96, 163, 172, 209
629: 1, 2, 3, 4, 5, 6, 8, 9, 10, 12
628: 1, 2, 3, 4, 5, 6, 7, 8, 9, 11
635: 7, 59, 64, 69, 81, 84, 173, 174, 206, 220
634: 292, 299, 291, 288, 289, 321, 325, 344, 461, 681
633: 1, 2, 3, 4, 5, 6, 7, 8, 9, 11
632: 1, 2, 3, 4, 5, 6, 7, 8, 9, 11
639: 2497, 67, 89, 288, 289, 290, 295, 296, 300, 302
638: 350, 909, 3367, 354, 1854, 1, 2, 3, 4, 6
637: 377, 512, 631, 868, 1360, 2026, 2375, 2475, 2491, 2698
636: 1, 2, 3, 4, 5, 6, 7, 8, 9, 11
576: 7, 45, 65, 67, 89, 190, 192, 193, 227, 234
577: 64, 93, 173, 229, 292, 296, 298, 424, 526, 980
578: 1, 2, 3, 4, 5, 6, 7, 8, 9, 11
579: 4821, 1, 2, 3, 4, 5, 6, 7, 8, 10
580: 12, 1260, 2654, 2750, 2751, 5238, 5239, 163, 226, 436
581: 65, 69, 70, 71, 72, 90, 97, 98, 155, 167
582: 1, 2, 3, 4, 5, 6, 7, 8, 9, 11
583: 173, 5791, 517, 755, 1787, 2681, 2771, 5792, 5793, 70
584: 212, 1, 2, 3, 4, 5, 6, 7, 8, 10
585: 154, 222, 229, 427, 554, 757, 860, 982, 1106, 1976
586: 3, 6, 837, 841, 1111, 1124, 1264, 1281, 2749, 2774
587: 96, 180, 187, 500, 538, 630, 707, 734, 806, 830
589: 1, 2, 3, 4, 5, 6, 7, 8, 9, 11
590: 2020, 7, 65, 69, 88, 154, 180, 203, 207, 220
593: 1, 2, 3, 4, 5, 6, 8, 9, 10, 12
592: 59, 69, 77, 85, 98, 170, 172, 174, 187, 193
595: 1, 2, 3, 4, 5, 6, 7, 8, 9, 11
594: 1, 2, 3, 4, 5, 6, 7, 8, 9, 11
596: 51, 56, 59, 67, 68, 70, 75, 152, 153, 163
598: 293, 1, 2, 3, 4, 5, 6, 7, 8, 10
601: 1, 2, 3, 4, 5, 6, 7, 8, 9, 11
603: 1, 2, 3, 4, 5, 6, 7, 8, 9, 11
602: 1, 2, 3, 4, 5, 6, 7, 8, 9, 11
605: 59, 195, 196, 203, 211, 223, 237, 431, 1090, 1949
604: 1, 2, 3, 4, 5, 6, 8, 9, 10, 12
607: 47, 706, 712, 821, 923, 954, 1254, 1261, 1369, 2961
606: 227, 599, 1092, 961, 67, 229, 533, 610, 679, 965
687: 1513, 1, 2, 3, 4, 5, 6, 7, 8, 10
686: 7, 19, 30, 36, 37, 40, 52, 53, 56, 61
685: 173, 207, 230, 289, 377, 523, 1044, 1179, 1400, 1
684: 1, 2, 3, 4, 5, 6, 7, 8, 9, 11
683: 7, 30, 36, 53, 54, 57, 58, 69, 77, 84
682: 1, 2, 3, 4, 5, 6, 7, 8, 9, 11
681: 72, 155, 159, 207, 230, 499, 518, 524, 536, 1091
680: 1, 2, 3, 4, 5, 6, 7, 8, 9, 11
679: 1, 2, 3, 4, 5, 6, 7, 8, 9, 11
678: 599, 961, 2840, 5226, 1, 2, 3, 4, 5, 7
677: 162, 220, 234, 559, 562, 603, 605, 859, 882, 1119
676: 207, 421, 51, 227, 614, 918, 163, 212, 234, 1
675: 1, 2, 3, 4, 5, 6, 8, 9, 10, 12
674: 2022, 1, 2, 3, 4, 5, 6, 7, 8, 10
673: 67, 72, 89, 161, 166, 172, 173, 184, 190, 220
672: 504, 2618, 377, 503, 507, 1180, 2062, 12778, 12779, 498
702: 1, 2, 3, 4, 5, 6, 8, 9, 10, 12
703: 190, 89, 157, 173, 292, 377, 423, 523, 681, 1475
700: 173, 292, 296, 374, 375, 379, 404, 413, 498, 1148
701: 1, 2, 3, 4, 5, 6, 7, 8, 9, 11
698: 97, 262, 300, 302, 299, 1934, 69, 155, 190, 296
699: 1, 2, 3, 4, 5, 6, 7, 8, 9, 11
696: 1, 2, 3, 4, 5, 6, 7, 8, 9, 11
697: 1, 2, 3, 4, 5, 6, 7, 8, 9, 11
694: 1, 2, 3, 4, 5, 6, 7, 8, 9, 11
695: 418, 444, 603, 616, 744, 753, 772, 1222, 1745, 1965
692: 1, 2, 3, 4, 5, 6, 7, 8, 9, 11
693: 96, 154, 211, 227, 331, 344, 419, 1046, 1164, 1947
690: 1, 2, 3, 4, 5, 6, 8, 9, 10, 12
691: 1, 2, 3, 4, 5, 6, 7, 8, 9, 11
688: 1, 2, 3, 4, 5, 6, 7, 8, 9, 11
689: 1, 2, 3, 4, 5, 6, 7, 8, 9, 11
652: 1, 2, 3, 4, 5, 6, 8, 9, 10, 12
655: 1, 2, 3, 4, 5, 6, 7, 8, 9, 11
654: 15, 72, 154, 155, 182, 198, 209, 486, 497, 517
649: 89, 163, 176, 188, 189, 191, 209, 230, 291, 355
651: 1, 2, 3, 4, 5, 6, 7, 8, 9, 11
650: 1, 2, 3, 4, 5, 6, 7, 8, 9, 11
645: 1, 2, 3, 4, 5, 6, 7, 8, 9, 11
644: 1, 2, 3, 4, 5, 6, 7, 8, 9, 11
647: 632, 1, 2, 3, 4, 5, 6, 7, 8, 10
646: 1, 2, 3, 4, 5, 6, 7, 8, 9, 11
641: 89, 501, 537, 1043, 1047, 2380, 15218, 1, 2, 4
640: 1, 2, 3, 4, 5, 6, 7, 8, 9, 11
643: 1, 2, 3, 4, 5, 6, 7, 8, 9, 11
642: 1, 2, 3, 4, 5, 6, 7, 8, 9, 11
668: 1, 2, 3, 4, 5, 6, 7, 8, 9, 11
669: 1, 2, 3, 4, 5, 6, 7, 8, 9, 11
670: 1, 2, 3, 4, 5, 6, 7, 8, 9, 11
671: 56, 58, 65, 67, 71, 97, 154, 157, 161, 184
664: 1, 2, 3, 4, 5, 6, 7, 8, 9, 11
665: 7, 30, 51, 53, 55, 56, 58, 61, 63, 67
666: 59, 429, 603, 744, 757, 818, 1083, 1745, 2143, 2145
667: 55, 56, 65, 97, 172, 173, 176, 182, 187, 192
660: 1, 2, 3, 4, 5, 6, 7, 8, 9, 11
661: 1, 2, 3, 4, 5, 6, 7, 8, 9, 11
662: 173, 1, 2, 3, 4, 5, 6, 7, 8, 10
663: 174, 439, 714, 731, 917, 920, 928, 946, 1285, 1350
656: 59, 67, 85, 98, 155, 159, 170, 172, 187, 193
657: 1, 2, 3, 4, 5, 6, 8, 9, 10, 12
658: 30, 52, 53, 55, 65, 67, 70, 77, 80, 89
659: 1, 2, 3, 4, 5, 6, 7, 8, 9, 11
747: 1, 2, 3, 4, 5, 6, 7, 8, 9, 11
746: 198, 209, 331, 371, 405, 475, 488, 490, 491, 499
745: 69, 262, 279, 288, 289, 292, 295, 296, 299, 310
744: 198, 207, 295, 300, 371, 499, 537, 687, 693, 920
751: 1, 2, 3, 4, 5, 6, 8, 9, 10, 12
750: 1, 2, 3, 4, 5, 6, 7, 8, 9, 11
749: 1, 2, 3, 4, 5, 6, 7, 8, 9, 11
739: 1, 2, 3, 4, 5, 6, 7, 8, 9, 11
738: 841, 951, 1353, 1513, 1808, 2363, 2790, 2797, 2859, 3474
737: 1, 2, 3, 4, 5, 6, 8, 9, 10, 12
736: 1, 2, 3, 4, 5, 6, 7, 8, 9, 11
743: 1, 2, 3, 4, 5, 6, 7, 8, 9, 11
742: 69, 161, 199, 262, 279, 289, 291, 293, 295, 300
741: 1, 2, 3, 4, 5, 6, 8, 9, 10, 12
762: 238, 734, 1, 2, 3, 4, 5, 6, 7, 9
763: 1, 2, 3, 4, 5, 6, 8, 9, 10, 12
760: 1, 2, 3, 4, 5, 6, 7, 8, 9, 11
761: 1, 2, 3, 4, 5, 6, 7, 8, 9, 11
767: 1, 2, 3, 4, 5, 6, 7, 8, 9, 11
764: 1369, 176, 706, 707, 732, 841, 918, 947, 954, 1261
765: 65, 632, 6920, 1, 2, 3, 4, 5, 6, 8
754: 1, 2, 3, 4, 5, 6, 7, 8, 9, 11
752: 1, 2, 3, 4, 5, 6, 7, 8, 9, 11
753: 1, 2, 3, 4, 5, 6, 7, 8, 9, 11
758: 152, 183, 463, 726, 962, 963, 964, 965, 1, 3
759: 1, 2, 3, 4, 5, 6, 7, 8, 9, 11
756: 428, 1, 2, 3, 4, 5, 6, 7, 8, 10
757: 1, 2, 3, 4, 5, 6, 7, 8, 9, 11
713: 173, 285, 289, 294, 299, 304, 321, 325, 327, 331
712: 1, 2, 3, 4, 5, 6, 7, 8, 9, 11
715: 1, 2, 3, 4, 5, 6, 7, 8, 9, 11
714: 1, 2, 3, 4, 5, 6, 7, 8, 9, 11
717: 1, 2, 3, 4, 5, 6, 7, 8, 9, 11
716: 1, 2, 3, 4, 5, 6, 7, 8, 9, 11
719: 51, 188, 198, 843, 846, 917, 920, 936, 944, 1119
718: 7, 36, 51, 67, 441, 466, 599, 627, 868, 997
705: 55, 191, 229, 279, 288, 294, 295, 311, 323, 369
704: 1, 2, 3, 4, 5, 6, 7, 8, 9, 11
707: 2351, 2796, 3458, 5436, 8559, 8560, 8561, 8562, 8564, 8566
706: 923, 1, 2, 3, 4, 5, 6, 8, 9, 11
709: 1, 2, 3, 4, 5, 6, 7, 8, 9, 11
708: 1, 2, 3, 4, 5, 6, 7, 8, 9, 11
711: 174, 198, 201, 220, 234, 380, 460, 724, 726, 923
710: 1, 2, 3, 4, 5, 6, 7, 8, 9, 11
728: 1, 2, 3, 4, 5, 6, 7, 8, 9, 11
729: 1, 2, 3, 4, 5, 6, 7, 8, 9, 11
730: 1, 2, 3, 4, 5, 6, 7, 8, 9, 11
731: 1, 2, 3, 4, 5, 6, 7, 8, 9, 11
732: 1, 2, 3, 4, 5, 6, 7, 8, 9, 11
733: 503, 533, 614, 705, 706, 707, 837, 930, 957, 1241
734: 1, 2, 3, 4, 5, 6, 7, 8, 9, 11
735: 1, 2, 3, 4, 5, 6, 7, 8, 9, 11
720: 918, 917, 198, 220, 472, 521, 706, 732, 808, 841
721: 1, 2, 3, 4, 5, 6, 7, 8, 9, 11
722: 227, 72, 173, 439, 487, 504, 1044, 1180, 1781, 7
723: 40, 65, 69, 70, 71, 84, 86, 154, 155, 166
725: 88, 107, 154, 197, 198, 202, 212, 227, 416, 752
726: 2, 3, 4, 5, 6, 8, 9, 10, 11, 13
727: 203, 216, 228, 238, 420, 429, 618, 709, 863, 1412
821: 56, 107, 225, 227, 407, 486, 501, 567, 585, 1094
820: 578, 1826, 1849, 1946, 1953, 3776, 7259, 12137, 13813, 13913
823: 757, 1745, 2144, 2145, 2146, 2147, 2148, 2149, 2151, 1
822: 107, 331, 603, 619, 1613, 1622, 1950, 1959, 1963, 2668
817: 1, 2, 3, 4, 5, 6, 7, 8, 9, 11
816: 1, 2, 3, 4, 5, 6, 7, 8, 9, 11
819: 157, 209, 239, 257, 262, 290, 293, 294, 306, 314
818: 1, 2, 3, 4, 5, 6, 8, 9, 10, 12
829: 1, 2, 3, 4, 5, 6, 7, 8, 9, 11
828: 1, 2, 3, 4, 5, 6, 7, 8, 9, 11
831: 1, 2, 3, 4, 5, 6, 7, 8, 10, 12
830: 1, 2, 3, 4, 5, 6, 7, 8, 9, 11
825: 903, 208, 212, 246, 324, 562, 733, 1045, 1100, 1244
824: 1, 2, 3, 4, 5, 6, 7, 8, 9, 11
827: 707, 4165, 1, 2, 3, 4, 5, 6, 7, 9
826: 72, 288, 292, 295, 299, 333, 344, 498, 542, 1061
804: 55, 65, 89, 154, 159, 166, 184, 196, 204, 229
805: 533, 603, 757, 772, 818, 851, 1222, 1418, 1716, 1812
806: 154, 191, 229, 227, 544, 170, 173, 203, 206, 221
807: 1, 2, 3, 4, 5, 6, 7, 9, 10, 12
800: 1425, 2595, 923, 2379, 2794, 190, 1, 2, 3, 5
801: 1, 2, 3, 4, 5, 6, 7, 8, 9, 11
802: 1, 2, 3, 4, 5, 6, 7, 8, 9, 11
812: 1, 2, 3, 4, 5, 6, 7, 8, 9, 11
813: 58, 1781, 2419, 2711, 3902, 4113, 4401, 4404, 6949, 7810
814: 55, 159, 180, 191, 198, 220, 227, 230, 257, 290
815: 1, 2, 3, 4, 5, 6, 7, 8, 9, 11
808: 1, 2, 3, 4, 5, 6, 7, 8, 9, 11
809: 1, 2, 3, 4, 5, 6, 7, 8, 9, 11
810: 1, 2, 3, 4, 5, 6, 7, 8, 9, 11
791: 61, 82, 85, 99, 159, 183, 207, 208, 210, 428
790: 1, 2, 3, 4, 5, 6, 7, 8, 9, 11
789: 1, 2, 3, 4, 5, 6, 7, 8, 9, 11
788: 1, 2, 3, 4, 5, 6, 8, 9, 10, 12
787: 57, 89, 154, 163, 173, 227, 430, 436, 439, 599
786: 412, 2735, 4948, 14789, 45, 198, 217, 220, 489, 814
785: 2, 3, 4, 5, 6, 7, 8, 9, 10, 12
784: 56, 89, 196, 212, 233, 344, 412, 429, 527, 632
799: 159, 7, 36, 51, 67, 72, 429, 466, 627, 880
798: 1, 2, 3, 4, 5, 6, 7, 8, 9, 11
797: 1, 2, 3, 4, 5, 6, 7, 8, 9, 11
795: 1, 2, 3, 4, 5, 6, 7, 8, 9, 11
794: 1, 2, 3, 4, 5, 6, 8, 9, 10, 12
793: 53, 58, 64, 84, 97, 167, 229, 298, 318, 430
792: 7, 234, 278, 333, 436, 475, 480, 501, 503, 614
772: 1, 2, 3, 4, 5, 6, 8, 9, 10, 12
773: 1, 2, 3, 4, 5, 6, 7, 8, 9, 11
770: 261, 288, 300, 352, 1, 2, 3, 4, 5, 7
771: 1, 2, 3, 4, 5, 6, 7, 8, 9, 11
768: 89, 190, 191, 217, 229, 237, 288, 292, 300, 356
769: 19, 27, 32, 36, 39, 45, 64, 81, 84, 190
782: 63, 64, 65, 70, 72, 103, 107, 138, 162, 173
780: 1, 2, 3, 4, 5, 6, 7, 8, 9, 11
781: 1, 2, 3, 4, 5, 6, 7, 8, 9, 11
778: 1, 2, 3, 4, 5, 6, 8, 9, 10, 12
779: 7, 36, 173, 233, 234, 453, 487, 489, 497, 605
776: 1, 2, 3, 4, 5, 6, 7, 8, 9, 11
777: 1, 2, 3, 4, 5, 6, 7, 8, 9, 11
881: 1, 2, 3, 4, 5, 6, 9, 10, 11, 13
882: 1, 2, 3, 4, 5, 6, 7, 8, 9, 11
885: 1, 2, 3, 4, 5, 6, 7, 8, 9, 11
884: 1, 2, 3, 4, 5, 6, 8, 9, 10, 12
887: 506, 920, 65, 321, 377, 681, 964, 1705, 2014, 154
886: 1, 2, 3, 4, 5, 6, 7, 8, 9, 11
889: 1, 2, 3, 4, 5, 6, 7, 8, 9, 11
888: 58, 64, 70, 89, 97, 190, 204, 228, 257, 289
891: 188, 917, 936, 944, 1993, 1994, 1995, 843, 922, 930
890: 25, 51, 67, 86, 89, 96, 152, 166, 173, 180
893: 57, 73, 154, 159, 182, 227, 237, 245, 253, 418
895: 1, 2, 3, 4, 5, 8, 9, 10, 11, 13
864: 1, 2, 3, 4, 5, 6, 7, 8, 9, 11
865: 234, 1, 2, 3, 4, 5, 6, 7, 8, 10
868: 458, 486, 488, 498, 1246, 55, 65, 67, 97, 207
869: 1, 2, 3, 4, 5, 6, 7, 8, 9, 11
870: 439, 89, 173, 198, 333, 378, 498, 808, 917, 3367
871: 1, 2, 3, 4, 5, 6, 7, 8, 9, 11
873: 1, 2, 3, 4, 5, 6, 7, 8, 9, 11
874: 206, 211, 622, 1470, 2554, 2627, 3101, 3102, 3103, 3105
875: 55, 257, 291, 318, 405, 459, 498, 543, 704, 1461
876: 1, 2, 3, 4, 5, 6, 7, 8, 9, 11
877: 176, 198, 220, 234, 472, 521, 706, 732, 808, 843
878: 1, 2, 3, 4, 5, 6, 7, 8, 9, 11
851: 1, 2, 3, 4, 5, 6, 7, 8, 9, 11
850: 19, 173, 998, 1711, 1890, 2027, 2028, 2031, 1, 3
849: 1048, 209, 2014, 3367, 6548, 6915, 7413, 7414, 72, 289
848: 1, 2, 3, 4, 5, 6, 7, 8, 9, 11
855: 1, 2, 3, 4, 5, 6, 8, 9, 10, 12
854: 1, 2, 3, 4, 5, 6, 7, 8, 9, 11
853: 67, 154, 173, 227, 234, 237, 285, 450, 486, 1700
852: 1, 2, 3, 4, 5, 6, 7, 8, 9, 11
859: 1, 2, 3, 4, 5, 6, 7, 8, 9, 11
858: 1, 2, 3, 4, 5, 6, 7, 8, 9, 11
856: 1, 2, 3, 4, 5, 6, 7, 8, 9, 11
863: 1, 2, 3, 4, 5, 6, 7, 8, 9, 11
862: 1, 2, 3, 4, 5, 6, 7, 8, 9, 11
861: 1, 2, 3, 4, 5, 6, 7, 8, 9, 11
860: 841, 1221, 1, 2, 3, 4, 5, 6, 7, 9
834: 230, 1513, 1645, 4187, 4193, 4218, 4821, 4827, 5021, 6560
835: 67, 77, 96, 99, 183, 192, 203, 212, 227, 257
832: 1, 2, 3, 4, 5, 6, 7, 8, 9, 11
838: 703, 2531, 53, 64, 65, 70, 81, 89, 155, 182
839: 1, 2, 3, 4, 5, 6, 8, 9, 10, 12
836: 1, 2, 3, 4, 5, 6, 8, 9, 10, 12
837: 3541, 1, 2, 3, 4, 5, 6, 7, 8, 10
842: 65, 229, 259, 276, 278, 547, 1631, 1948, 2252, 3355
843: 1, 2, 3, 4, 5, 6, 7, 8, 9, 11
840: 159, 228, 412, 441, 549, 1369, 1504, 1513, 1974, 4115
841: 171, 207, 499, 710, 843, 951, 952, 1182, 1502, 2780
846: 25, 383, 403, 412, 486, 492, 494, 500, 501, 779
847: 191, 352, 680, 686, 908, 1037, 1596, 1613, 4696, 1
844: 1, 2, 3, 4, 5, 6, 7, 9, 10, 12
845: 227, 234, 706, 724, 732, 808, 843, 857, 922, 982
957: 1, 2, 3, 4, 5, 6, 7, 8, 9, 11
958: 1, 2, 3, 4, 5, 6, 7, 8, 9, 11
959: 72, 599, 877, 1064, 1709, 1, 2, 3, 4, 6
952: 154, 190, 206, 227, 229, 234, 424, 436, 453, 1098
953: 195, 416, 424, 3030, 8674, 154, 190, 199, 217, 223
954: 1, 2, 3, 4, 5, 6, 7, 8, 9, 12
955: 1, 2, 3, 4, 5, 6, 7, 8, 9, 11
948: 1, 2, 3, 4, 5, 6, 7, 8, 9, 11
949: 227, 1, 2, 3, 4, 5, 6, 7, 8, 10
950: 9, 10, 11, 34, 51, 157, 181, 183, 190, 203
951: 1, 2, 3, 4, 5, 6, 7, 8, 9, 11
946: 1, 2, 3, 4, 5, 6, 7, 8, 9, 11
941: 7, 55, 58, 64, 70, 86, 88, 97, 154, 163
940: 1, 2, 3, 4, 5, 6, 7, 8, 9, 11
943: 157, 161, 511, 717, 1150, 1244, 1427, 1613, 2079, 2861
942: 1, 2, 3, 4, 5, 6, 7, 8, 9, 11
936: 1, 2, 3, 4, 5, 6, 7, 8, 9, 11
939: 499, 726, 835, 1044, 1852, 1854, 2062, 3089, 3239, 8881
938: 1, 2, 3, 4, 5, 6, 7, 8, 9, 11
933: 7, 38, 58, 89, 97, 167, 176, 190, 193, 283
932: 157, 1, 2, 3, 4, 5, 6, 7, 8, 10
935: 64, 84, 233, 697, 767, 1062, 1121, 1222, 1332, 1700
934: 51, 56, 61, 67, 81, 88, 157, 182, 192, 203
929: 152, 188, 728, 1244, 2006, 2346, 2746, 3919, 4161, 5375
928: 1, 2, 3, 4, 5, 6, 7, 8, 9, 11
931: 1, 2, 3, 4, 5, 6, 7, 8, 9, 11
930: 1, 2, 3, 4, 5, 6, 7, 8, 9, 11
926: 1, 2, 3, 4, 5, 6, 7, 8, 9, 11
927: 19, 27, 32, 36, 39, 59, 64, 81, 84, 153
924: 331, 1, 2, 3, 4, 5, 6, 7, 8, 10
925: 1, 2, 3, 4, 5, 6, 7, 8, 9, 11
922: 1, 2, 3, 4, 5, 6, 7, 8, 9, 11
920: 682, 683, 1035, 1100, 1187, 2426, 2619, 4550, 12384, 300
921: 1, 2, 3, 4, 5, 6, 7, 8, 9, 11
919: 7, 56, 57, 173, 198, 203, 225, 226, 229, 234
916: 1, 2, 3, 4, 5, 6, 7, 8, 9, 11
917: 1, 2, 3, 4, 5, 6, 7, 8, 9, 11
914: 867, 1075, 16, 195, 209, 378, 615, 779, 1100, 1650
915: 67, 89, 159, 183, 187, 283, 289, 300, 316, 422
912: 1, 2, 3, 4, 5, 6, 7, 8, 9, 11
913: 155, 187, 360, 538, 712, 734, 905, 962, 1090, 1381
911: 1, 2, 3, 4, 5, 6, 7, 8, 9, 11
910: 1, 2, 3, 4, 5, 6, 7, 8, 9, 11
909: 7, 12, 23, 25, 45, 51, 52, 53, 54, 56
908: 1, 2, 3, 4, 5, 6, 7, 8, 9, 11
907: 1, 2, 3, 4, 5, 6, 7, 8, 9, 11
906: 46, 55, 56, 65, 70, 71, 81, 96, 97, 159
905: 1, 2, 3, 4, 5, 6, 7, 8, 9, 11
904: 1, 2, 3, 4, 5, 6, 8, 9, 10, 12
903: 152, 517, 2970, 1, 2, 3, 4, 5, 6, 8
900: 51, 59, 67, 157, 289, 295, 511, 972, 1098, 1705
899: 1, 2, 3, 4, 5, 6, 7, 8, 9, 11
898: 53, 58, 64, 71, 81, 84, 167, 172, 173, 229
897: 181, 227, 4693, 436, 920, 1433, 2775, 7049, 7530, 12930
896: 65, 488, 641, 1378, 4817, 6505, 9183, 161, 182, 209
1016: 53, 159, 162, 217, 233, 238, 418, 429, 436, 444
1017: 1, 2, 3, 4, 5, 6, 7, 8, 9, 11
1018: 6, 7, 15, 47, 48, 72, 155, 182, 190, 209
1019: 1, 2, 3, 4, 5, 6, 9, 10, 11, 13
1020: 65, 154, 188, 198, 207, 238, 408, 439, 488, 492
1021: 57, 63, 66, 67, 69, 72, 77, 86, 155, 174
1022: 1, 2, 3, 4, 5, 6, 7, 8, 9, 11
1023: 1, 2, 3, 4, 5, 6, 7, 8, 9, 11
1008: 1, 2, 3, 4, 5, 6, 7, 8, 9, 11
1009: 1, 2, 3, 4, 5, 6, 7, 8, 9, 11
1010: 1, 2, 3, 4, 5, 6, 7, 8, 9, 11
1011: 65, 71, 182, 189, 207, 293, 306, 309, 403, 501
1012: 67, 89, 97, 157, 192, 212, 227, 289, 300, 344
1014: 7, 55, 88, 89, 157, 173, 234, 285, 288, 292
1015: 1, 2, 3, 4, 5, 6, 7, 8, 9, 11
1001: 1, 2, 3, 4, 5, 6, 7, 8, 9, 11
1003: 59, 61, 99, 251, 343, 441, 612, 735, 852, 985
1002: 53, 58, 64, 65, 67, 71, 84, 89, 97, 191
1005: 1, 2, 3, 4, 5, 6, 7, 8, 9, 11
1004: 1, 2, 3, 4, 5, 6, 7, 8, 9, 11
1007: 356, 2436, 2447, 3582, 3583, 344, 360, 1447, 2439, 2456
1006: 58, 172, 199, 207, 229, 257, 288, 292, 316, 889
993: 763, 1, 2, 3, 4, 5, 6, 7, 8, 10
995: 681, 1243, 55, 161, 209, 288, 292, 302, 304, 321
994: 1, 2, 3, 4, 5, 6, 7, 8, 9, 11
997: 440, 1, 2, 3, 4, 5, 6, 7, 8, 10
996: 60, 227, 285, 475, 511, 576, 613, 1830, 1847, 10142
999: 1, 2, 3, 4, 5, 8, 10, 11, 12, 15
998: 1, 2, 3, 4, 5, 6, 8, 9, 10, 12
986: 1, 2, 3, 4, 5, 6, 7, 8, 9, 11
987: 290, 1098, 646, 714, 1428, 1429, 2983, 4828, 6120, 352
984: 1, 2, 3, 4, 5, 6, 8, 9, 10, 12
985: 1, 2, 3, 4, 5, 6, 7, 8, 9, 11
990: 440, 196, 199, 211, 231, 232, 622, 709, 1732, 3686
991: 1, 2, 3, 4, 5, 6, 8, 9, 10, 12
989: 65, 67, 103, 217, 237, 246, 418, 444, 454, 537
978: 1349, 4319, 4320, 924, 928, 936, 937, 957, 1342, 4321
979: 72, 190, 1131, 27, 36, 56, 67, 227, 233, 296
976: 1, 2, 3, 4, 5, 6, 7, 8, 9, 11
977: 56, 61, 75, 159, 187, 529, 1009, 1079, 2149, 5871
982: 55, 89, 190, 191, 257, 288, 289, 292, 295, 302
980: 1, 2, 3, 4, 5, 6, 7, 8, 9, 11
981: 1, 2, 3, 4, 5, 6, 7, 8, 9, 11
971: 207, 533, 1185, 1470, 1914, 3464, 4439, 9156, 154, 182
969: 1, 2, 3, 4, 5, 6, 7, 8, 9, 11
968: 1, 2, 3, 4, 5, 6, 7, 8, 9, 11
975: 1, 2, 3, 4, 5, 6, 7, 8, 9, 11
972: 1, 2, 3, 4, 5, 6, 7, 8, 9, 11
963: 1, 2, 3, 4, 5, 6, 7, 8, 9, 11
962: 188, 190, 215, 453, 506, 512, 615, 975, 1131, 4366
961: 4074, 6229, 8274, 9304, 1, 2, 3, 4, 5, 7
960: 56, 63, 64, 84, 89, 157, 163, 190, 198, 512
967: 1, 2, 3, 4, 5, 6, 7, 8, 9, 11
966: 1, 2, 3, 4, 5, 6, 7, 8, 9, 11
965: 1, 2, 3, 4, 5, 6, 7, 8, 9, 11
964: 1853, 1, 2, 3, 4, 5, 6, 7, 8, 10
1100: 1, 2, 3, 4, 5, 6, 7, 8, 9, 11
1101: 744, 2143, 101, 174, 181, 489, 757, 759, 778, 818
1102: 1, 2, 3, 4, 5, 6, 7, 8, 9, 11
1103: 30, 32, 57, 69, 72, 77, 86, 151, 152, 172
1097: 1, 2, 3, 4, 5, 6, 7, 8, 9, 11
1098: 1, 2, 3, 4, 5, 6, 7, 8, 9, 11
1099: 65, 605, 1099, 4983, 4984, 5097, 1, 2, 3, 5
1092: 466, 1971, 1, 2, 3, 4, 5, 6, 7, 9
1093: 25, 181, 190, 226, 228, 503, 812, 841, 918, 923
1094: 1, 2, 3, 4, 5, 6, 7, 8, 9, 11
1088: 1, 2, 3, 4, 5, 6, 7, 9, 10, 12
1089: 1, 2, 3, 4, 5, 6, 7, 8, 10, 12
1090: 1, 2, 3, 4, 5, 6, 7, 8, 9, 11
1091: 288, 681, 3124, 14628, 16422, 1, 2, 3, 4, 6
1116: 314, 1, 2, 3, 4, 5, 6, 7, 8, 10
1119: 1, 2, 3, 4, 5, 6, 7, 8, 9, 11
1118: 754, 1904, 4896, 7637, 425, 486, 2154, 2383, 10, 15
1113: 1, 2, 3, 4, 5, 6, 7, 8, 9, 11
1112: 1, 2, 3, 4, 5, 6, 7, 8, 9, 11
1115: 1, 2, 3, 4, 5, 6, 7, 8, 9, 11
1114: 1, 2, 3, 4, 5, 6, 7, 8, 9, 11
1109: 1, 2, 3, 4, 5, 6, 7, 8, 9, 11
1108: 220, 222, 227, 512, 559, 603, 605, 631, 735, 917
1111: 481, 1866, 691, 1186, 1, 2, 3, 4, 5, 7
1110: 1, 2, 3, 4, 5, 6, 7, 8, 9, 11
1104: 1, 2, 3, 4, 5, 6, 7, 8, 9, 11
1107: 1, 2, 3, 4, 5, 6, 7, 8, 9, 11
1106: 1, 2, 3, 4, 5, 6, 7, 8, 9, 11
1134: 1, 2, 3, 4, 5, 6, 7, 8, 9, 11
1135: 1, 2, 3, 4, 5, 6, 7, 8, 9, 11
1132: 1, 2, 3, 4, 5, 6, 7, 8, 9, 11
1133: 1, 2, 3, 4, 5, 6, 8, 9, 10, 12
1130: 1, 2, 3, 4, 5, 6, 7, 8, 9, 11
1131: 323, 8017, 302, 386, 530, 676, 915, 1395, 1596, 2455
1128: 7, 55, 56, 65, 67, 71, 89, 161, 166, 191
1126: 951, 7, 89, 227, 234, 371, 486, 497, 533, 843
1124: 1, 2, 3, 4, 5, 6, 7, 8, 9, 11
1125: 1, 2, 3, 4, 5, 6, 7, 8, 9, 11
1122: 458, 190, 191, 217, 229, 237, 300, 329, 356, 681
1123: 1, 2, 3, 4, 5, 6, 7, 8, 9, 11
1120: 1, 2, 3, 4, 5, 6, 7, 8, 9, 11
1121: 1, 2, 3, 4, 5, 6, 7, 8, 9, 11
1151: 190, 419, 683, 1048, 1383, 1400, 1988, 2137, 2614, 9187
1150: 1, 2, 3, 4, 5, 6, 7, 8, 9, 11
1149: 154, 159, 211, 216, 233, 234, 238, 441, 632, 885
1148: 1, 2, 3, 4, 5, 6, 7, 8, 9, 11
1147: 930, 942, 946, 1338, 1349, 1350, 1363, 1374, 1993, 2838
1146: 1, 2, 3, 4, 5, 6, 7, 8, 9, 11
1145: 1, 2, 3, 4, 5, 6, 7, 8, 9, 11
1144: 1, 2, 3, 4, 5, 6, 7, 8, 9, 11
1143: 38, 55, 56, 58, 65, 67, 88, 154, 155, 161
1140: 51, 53, 67, 88, 182, 229, 425, 429, 435, 612
1139: 51, 59, 63, 157, 187, 379, 389, 511, 877, 1064
1138: 7, 15, 25, 56, 65, 67, 81, 88, 89, 156
1137: 1, 2, 3, 4, 5, 6, 7, 8, 9, 11
1136: 1, 2, 3, 4, 5, 6, 7, 8, 9, 11
1032: 154, 206, 569, 575, 580, 2630, 2862, 4524, 8124, 8127
1033: 51, 52, 57, 58, 63, 64, 65, 66, 69, 72
1034: 1, 2, 3, 4, 5, 6, 8, 9, 10, 12
1035: 1, 2, 3, 4, 5, 6, 7, 8, 9, 11
1036: 1, 2, 3, 4, 5, 6, 7, 8, 9, 11
1037: 583, 2894, 12123, 1, 2, 3, 4, 5, 6, 8
1038: 57, 69, 77, 86, 190, 227, 518, 601, 706, 874
1039: 294, 295, 299, 302, 308, 317, 331, 332, 333, 386
1024: 1, 2, 3, 4, 5, 6, 8, 9, 10, 12
1025: 6, 7, 55, 56, 65, 84, 88, 152, 163, 173
1026: 251, 2907, 3488, 15921, 15922, 45, 69, 197, 212, 241
1027: 1, 2, 3, 4, 5, 6, 7, 8, 9, 11
1028: 1, 2, 3, 4, 5, 6, 7, 8, 9, 11
1029: 735, 53, 61, 67, 68, 77, 85, 88, 89, 182
1030: 1, 2, 3, 4, 5, 6, 7, 8, 9, 11
1049: 103, 154, 217, 237, 246, 418, 444, 454, 537, 703
1051: 1, 2, 3, 4, 5, 6, 7, 8, 9, 11
1050: 1943, 2921, 1, 2, 3, 4, 5, 6, 7, 9
1053: 7, 56, 65, 88, 154, 155, 190, 227, 230, 290
1052: 72, 154, 159, 190, 199, 220, 378, 441, 599, 843
1055: 89, 161, 257, 288, 289, 290, 292, 295, 300, 302
1054: 1, 2, 3, 4, 5, 6, 7, 8, 9, 11
1041: 917, 920, 923, 924, 936, 937, 944, 1339, 1342, 1997
1040: 207, 226, 230, 378, 383, 718, 924, 930, 932, 1206
1042: 154, 157, 161, 173, 190, 203, 207, 209, 215, 230
1044: 226, 751, 763, 856, 1221, 1229, 1418, 3444, 3508, 3809
1047: 1, 2, 3, 4, 5, 6, 7, 8, 9, 11
1046: 1, 2, 3, 4, 5, 6, 7, 8, 9, 11
1067: 1, 2, 3, 4, 5, 6, 7, 8, 9, 11
1064: 2341, 917, 1369, 923, 1244, 1338, 25, 176, 198, 517
1065: 55, 67, 191, 289, 461, 466, 498, 2102, 3324, 465
1070: 1, 2, 3, 4, 5, 6, 7, 8, 9, 11
1071: 1, 2, 3, 4, 5, 6, 7, 8, 9, 11
1068: 631, 867, 875, 985, 1083, 1534, 4155, 4156, 9469, 203
1069: 1, 2, 3, 4, 5, 6, 7, 8, 9, 11
1058: 1, 2, 3, 4, 5, 6, 7, 8, 9, 11
1056: 1, 2, 3, 4, 5, 6, 7, 8, 9, 11
1057: 318, 332, 465, 889, 535, 2391, 7, 38, 56, 67
1062: 51, 54, 64, 65, 70, 75, 81, 154, 173, 187
1063: 154, 17304, 53, 55, 65, 67, 69, 81, 171, 203
1060: 440, 606, 748, 1401, 1965, 2285, 2672, 6189, 6409, 88
1061: 2855, 7056, 11918, 11923, 12648, 1, 2, 3, 4, 6
1083: 1, 2, 3, 4, 5, 6, 7, 8, 9, 11
1082: 63, 389, 1001, 3674, 4880, 6733, 9087, 51, 59, 157
1081: 1, 2, 3, 4, 5, 6, 7, 8, 9, 11
1080: 1, 2, 3, 4, 5, 6, 7, 8, 9, 11
1087: 1, 2, 3, 4, 5, 6, 7, 8, 9, 11
1086: 1, 2, 3, 4, 5, 6, 7, 8, 9, 11
1085: 445, 81, 197, 228, 1098, 1, 2, 3, 4, 6
1084: 1, 2, 3, 4, 5, 6, 7, 8, 9, 11
1075: 46, 55, 57, 58, 59, 65, 69, 71, 84, 96
1074: 65, 98, 197, 203, 212, 217, 234, 298, 441, 631
1073: 1, 2, 3, 4, 5, 6, 7, 8, 9, 11
1072: 1, 2, 3, 4, 5, 6, 7, 8, 9, 11
1079: 65, 67, 89, 96, 159, 207, 217, 229, 344, 396
1078: 198, 843, 846, 917, 956, 188, 517, 841, 854, 920
1076: 60, 65, 69, 107, 157, 229, 259, 263, 276, 285
1221: 1181, 1541, 1562, 2502, 2665, 8294, 8681, 9808, 9809, 9811
1220: 1, 2, 3, 4, 5, 6, 7, 8, 9, 11
1223: 59, 67, 77, 85, 98, 155, 159, 170, 172, 190
1222: 172, 316, 535, 7, 65, 182, 184, 207, 209, 250
1217: 1, 2, 3, 4, 5, 6, 7, 8, 9, 11
1216: 1, 2, 3, 4, 5, 6, 7, 8, 9, 11
1219: 1, 2, 3, 4, 5, 6, 7, 8, 9, 11
1229: 706, 36, 56, 58, 59, 70, 72, 159, 172, 282
1228: 1, 2, 3, 4, 5, 6, 7, 8, 9, 11
1231: 936, 15250, 15251, 15252, 15253, 15254, 607, 632, 968, 1109
1230: 1, 2, 3, 4, 5, 6, 7, 8, 9, 11
1225: 1, 2, 3, 4, 5, 6, 7, 8, 9, 11
1224: 205, 572, 577, 583, 1426, 1772, 2869, 3024, 6678, 7826
1226: 57, 58, 65, 69, 77, 86, 97, 155, 157, 167
1236: 1, 2, 3, 4, 5, 6, 8, 9, 10, 12
1237: 1, 2, 3, 4, 5, 6, 7, 8, 9, 11
1238: 159, 190, 229, 432, 440, 599, 718, 757, 857, 1207
1239: 1, 2, 3, 4, 5, 6, 7, 8, 9, 11
1232: 72, 423, 631, 867, 985, 1814, 3444, 4155, 4156, 880
1233: 1, 2, 3, 4, 5, 6, 7, 8, 9, 11
1234: 1, 2, 3, 4, 5, 6, 7, 8, 9, 11
1235: 1, 2, 3, 4, 5, 6, 7, 8, 9, 11
1244: 98, 234, 852, 857, 866, 1017, 1513, 1740, 1811, 2029
1245: 15974, 408, 472, 488, 496, 2352, 2794, 2843, 2941, 3758
1246: 7, 59, 72, 89, 99, 155, 159, 163, 173, 192
1247: 7, 51, 58, 63, 65, 71, 77, 86, 99, 159
1240: 1, 2, 3, 4, 5, 6, 7, 8, 9, 11
1242: 1121, 63, 72, 81, 407, 592, 607, 744, 1073, 1146
1243: 12, 53, 65, 69, 190, 197, 205, 207, 215, 222
1255: 1, 2, 3, 4, 5, 6, 7, 8, 9, 11
1254: 1, 2, 3, 4, 5, 6, 7, 8, 9, 11
1253: 1, 2, 3, 4, 5, 6, 8, 9, 10, 12
1249: 1, 2, 3, 4, 5, 6, 7, 8, 9, 11
1248: 1, 2, 3, 4, 5, 6, 7, 8, 9, 11
1263: 1, 2, 3, 4, 5, 6, 7, 8, 9, 11
1262: 1, 2, 3, 4, 5, 6, 7, 8, 9, 11
1261: 53, 55, 64, 67, 69, 88, 103, 155, 159, 171
1259: 55, 58, 65, 67, 77, 89, 97, 154, 167, 172
1258: 1, 2, 3, 4, 5, 6, 7, 8, 9, 11
1256: 383, 504, 898, 1062, 1231, 1672, 1863, 12164, 172, 221
1270: 707, 952, 2343, 2781, 4165, 706, 724, 732, 841, 917
1271: 1, 2, 3, 4, 5, 6, 7, 8, 9, 11
1267: 3127, 3744, 6532, 6533, 227, 903, 854, 1116, 1, 3
1264: 227, 1, 2, 3, 4, 5, 6, 7, 8, 10
1265: 1, 2, 3, 4, 5, 6, 7, 8, 9, 11
1278: 544, 909, 1, 2, 3, 4, 5, 6, 7, 9
1279: 1, 2, 3, 4, 5, 6, 7, 8, 9, 11
1276: 1, 2, 3, 4, 5, 6, 7, 8, 9, 11
1277: 1, 2, 3, 4, 5, 6, 7, 8, 9, 11
1274: 1, 2, 3, 4, 5, 6, 7, 8, 9, 11
1275: 1, 2, 3, 4, 5, 6, 7, 8, 9, 11
1272: 1, 2, 3, 4, 5, 6, 7, 8, 9, 11
1273: 101, 174, 181, 489, 759, 778, 785, 842, 845, 1222
1153: 1, 2, 3, 4, 5, 6, 7, 8, 9, 11
1152: 1, 2, 3, 4, 5, 6, 7, 8, 9, 11
1155: 65, 88, 154, 229, 259, 276, 278, 547, 603, 619
1154: 1, 2, 3, 4, 5, 6, 7, 8, 9, 11
1157: 190, 191, 288, 292, 326, 328, 371, 408, 464, 689
1156: 188, 220, 227, 246, 433, 881, 964, 1110, 1116, 1606
1159: 198, 1249, 84, 205, 217, 433, 604, 936, 1400, 2538
1158: 1, 2, 3, 4, 5, 6, 7, 8, 9, 11
1161: 197, 212, 217, 298, 868, 1639, 3747, 7056, 15487, 2
1160: 1, 2, 3, 4, 5, 6, 7, 8, 9, 11
1163: 1394, 1, 2, 3, 4, 5, 6, 7, 8, 10
1165: 1, 2, 3, 4, 5, 6, 8, 9, 10, 12
1164: 1, 2, 3, 4, 5, 6, 7, 8, 9, 11
1167: 81, 154, 199, 205, 206, 217, 433, 434, 716, 1062
1166: 7, 30, 55, 61, 69, 77, 82, 99, 154, 167
1170: 1, 2, 3, 4, 5, 6, 7, 8, 9, 11
1171: 316, 2391, 4024, 1, 2, 3, 4, 5, 6, 9
1172: 152, 186, 188, 190, 227, 370, 609, 949, 964, 1349
1173: 1, 2, 3, 4, 5, 6, 7, 8, 10, 12
1174: 1, 2, 3, 4, 5, 6, 7, 8, 9, 11
1176: 498, 288, 89, 344, 466, 504, 531, 3317, 1, 3
1177: 333, 499, 228, 498, 1553, 1768, 65, 689, 899, 1243
1178: 1, 2, 3, 4, 5, 6, 7, 8, 9, 11
1179: 1, 2, 3, 4, 5, 6, 7, 8, 9, 11
1180: 46, 55, 56, 70, 81, 96, 159, 163, 172, 225
1181: 1, 2, 3, 4, 5, 6, 7, 8, 9, 11
1182: 1, 2, 3, 4, 5, 6, 7, 8, 9, 11
1183: 1195, 7, 53, 88, 89, 166, 172, 190, 191, 199
1187: 1, 2, 3, 4, 5, 6, 7, 8, 9, 11
1186: 1, 2, 3, 4, 5, 6, 7, 8, 9, 11
1185: 1, 2, 3, 4, 5, 6, 7, 8, 9, 11
1184: 1, 2, 3, 4, 5, 6, 7, 8, 9, 11
1191: 1, 2, 3, 4, 5, 6, 7, 8, 9, 11
1190: 65, 173, 226, 300, 424, 498, 716, 969, 980, 1239
1189: 56, 65, 72, 88, 154, 155, 157, 173, 190, 229
1188: 67, 1, 2, 3, 4, 5, 6, 7, 8, 10
1195: 1, 2, 3, 4, 5, 6, 7, 8, 9, 11
1194: 53, 56, 63, 72, 80, 81, 84, 88, 163, 199
1193: 936, 15250, 15251, 15252, 15253, 15254, 174, 439, 714, 917
1192: 72, 157, 441, 1414, 1814, 1, 2, 3, 4, 6
1199: 1, 2, 3, 4, 5, 6, 7, 8, 9, 11
1198: 1, 2, 3, 4, 5, 6, 7, 8, 9, 11
1197: 1, 2, 3, 4, 5, 6, 7, 8, 9, 11
1196: 1, 2, 3, 4, 5, 6, 7, 8, 9, 11
1202: 1, 2, 3, 4, 5, 6, 7, 8, 9, 11
1200: 51, 631, 867, 875, 985, 1083, 1534, 1814, 3444, 4156
1206: 51, 188, 198, 614, 843, 846, 854, 857, 918, 944
1207: 1, 2, 3, 4, 5, 6, 7, 8, 9, 11
1204: 53, 80, 88, 103, 107, 163, 167, 173, 190, 207
1205: 1, 2, 3, 4, 5, 6, 7, 8, 9, 11
1210: 1, 2, 3, 4, 5, 6, 7, 8, 9, 11
1211: 238, 441, 1, 2, 3, 4, 5, 6, 7, 9
1209: 19, 30, 52, 53, 54, 56, 57, 59, 60, 63
1214: 1, 2, 3, 4, 5, 6, 7, 8, 9, 11
1215: 7, 55, 67, 89, 209, 251, 265, 285, 288, 291
1212: 1, 2, 3, 4, 5, 6, 7, 8, 9, 11
1213: 1, 2, 3, 4, 5, 6, 7, 8, 9, 12
1375: 1, 2, 3, 4, 5, 6, 7, 8, 9, 11
1374: 1, 2, 3, 4, 5, 6, 7, 8, 9, 11
1373: 7, 53, 154, 172, 173, 207, 228, 229, 289, 324
1372: 45, 55, 64, 67, 70, 81, 88, 97, 152, 154
1371: 1, 2, 3, 4, 5, 6, 7, 8, 9, 11
1369: 7, 55, 56, 65, 67, 71, 89, 97, 152, 155
1368: 1, 2, 3, 4, 5, 6, 8, 9, 10, 12
1367: 59, 157, 159, 173, 212, 220, 227, 234, 292, 429
1366: 1, 2, 3, 4, 5, 6, 7, 8, 9, 11
1365: 53, 65, 81, 715, 1075, 1155, 1167, 1424, 1481, 1990
1364: 565, 581, 5660, 8126, 1, 2, 3, 4, 5, 7
1363: 295, 299, 304, 310, 311, 318, 325, 349, 362, 523
1362: 805, 806, 807, 809, 412, 514, 804, 810, 811, 813
1360: 1, 2, 3, 4, 5, 6, 7, 8, 9, 11
1358: 1, 2, 3, 4, 5, 6, 7, 8, 9, 11
1356: 1, 2, 3, 4, 5, 6, 7, 8, 9, 11
1357: 728, 735, 868, 986, 1406, 2459, 2842, 3019, 4887, 14125
1354: 1, 2, 3, 4, 5, 6, 7, 8, 9, 11
1355: 1, 2, 3, 4, 5, 6, 7, 8, 9, 11
1352: 70, 88, 154, 159, 173, 197, 202, 220, 227, 614
1353: 1, 2, 3, 4, 5, 6, 7, 8, 9, 11
1350: 126, 163, 188, 190, 198, 204, 206, 209, 231, 237
1351: 779, 1180, 1670, 207, 234, 292, 295, 344, 377, 424
1348: 1, 2, 3, 4, 5, 6, 7, 8, 9, 11
1349: 1, 2, 3, 4, 5, 6, 8, 9, 10, 12
1346: 65, 805, 1116, 1200, 3616, 8274, 8473, 9516, 682, 830
1347: 1, 2, 3, 4, 5, 6, 7, 8, 9, 11
1345: 1, 2, 3, 4, 5, 6, 7, 8, 9, 11
1405: 1, 2, 3, 4, 5, 6, 7, 8, 9, 11
1404: 1, 2, 3, 4, 5, 6, 7, 8, 9, 11
1407: 67, 316, 885, 72, 90, 171, 173, 184, 238, 310
1406: 200, 207, 219, 227, 433, 1748, 2475, 5210, 5478, 9971
1401: 176, 198, 220, 228, 230, 234, 378, 475, 498, 510
1403: 157, 210, 228, 424, 458, 599, 614, 630, 689, 734
1402: 441, 1, 2, 3, 4, 5, 6, 7, 8, 10
1397: 1, 2, 3, 4, 5, 6, 7, 8, 9, 11
1396: 1, 2, 3, 4, 5, 6, 7, 8, 9, 11
1399: 89, 355, 466, 157, 228, 257, 265, 289, 298, 316
1398: 1, 2, 3, 4, 5, 6, 7, 8, 9, 11
1393: 441, 1, 2, 3, 4, 5, 6, 7, 8, 10
1395: 1, 2, 3, 4, 5, 6, 7, 8, 9, 11
1394: 7, 45, 54, 55, 56, 161, 163, 192, 198, 220
1388: 1, 2, 3, 4, 5, 6, 7, 8, 9, 11
1389: 1, 2, 3, 4, 5, 6, 7, 8, 9, 11
1390: 1, 2, 3, 4, 5, 6, 7, 8, 9, 11
1384: 67, 88, 182, 196, 425, 429, 435, 599, 612, 618
1385: 466, 1, 2, 3, 4, 5, 6, 7, 8, 10
1386: 1, 2, 3, 4, 5, 6, 7, 8, 9, 11
1387: 190, 199, 207, 210, 228, 229, 233, 432, 969, 1375
1380: 1, 2, 3, 4, 5, 6, 7, 8, 9, 11
1381: 1, 2, 3, 4, 5, 6, 7, 8, 9, 11
1382: 107, 603, 2086, 2668, 4779, 5150, 5565, 5868, 6046, 10549
1383: 1, 2, 3, 4, 5, 6, 7, 8, 9, 11
1376: 173, 1179, 1, 2, 3, 4, 5, 6, 8, 10
1377: 89, 199, 207, 227, 230, 362, 464, 507, 572, 768
1378: 445, 1953, 2139, 3693, 6910, 16529, 1, 2, 3, 5
1379: 1, 2, 3, 4, 5, 6, 7, 8, 9, 11
1305: 1, 2, 3, 4, 5, 6, 7, 8, 9, 11
1304: 55, 56, 64, 65, 67, 70, 88, 154, 155, 161
1311: 58, 67, 69, 77, 172, 173, 175, 209, 234, 252
1310: 1, 2, 3, 4, 5, 6, 7, 8, 9, 11
1309: 751, 763, 1229, 1418, 2624, 3444, 3508, 3531, 3809, 7376
1308: 1, 2, 3, 4, 5, 6, 7, 8, 9, 11
1299: 230, 383, 455, 503, 918, 923, 924, 936, 1114, 1339
1298: 498, 1459, 55, 157, 173, 192, 253, 285, 291, 576
1296: 198, 504, 506, 2374, 3405, 1, 2, 3, 4, 6
1303: 1, 2, 3, 4, 5, 6, 7, 8, 9, 11
1302: 90, 171, 173, 182, 184, 228, 234, 238, 288, 301
1301: 1, 2, 3, 4, 5, 6, 7, 8, 9, 11
1300: 1, 2, 3, 4, 5, 6, 7, 8, 9, 11
1290: 55, 71, 81, 97, 182, 190, 191, 288, 290, 295
1291: 65, 67, 69, 90, 157, 171, 173, 182, 263, 289
1288: 1, 2, 3, 4, 5, 6, 7, 8, 9, 11
1289: 1, 2, 3, 4, 5, 6, 7, 8, 9, 11
1294: 333, 344, 55, 67, 157, 180, 190, 191, 209, 234
1295: 7, 65, 72, 154, 159, 167, 173, 190, 199, 220
1292: 679, 793, 344, 498, 681, 1459, 1, 2, 3, 5
1293: 190, 289, 407, 706, 910, 953, 982, 1104, 1686, 2446
1282: 30, 1, 2, 3, 4, 5, 6, 7, 8, 10
1283: 1, 2, 3, 4, 5, 6, 7, 8, 9, 11
1280: 1, 2, 3, 4, 5, 6, 7, 8, 9, 11
1281: 1, 2, 3, 4, 5, 6, 7, 8, 9, 11
1286: 159, 443, 12218, 72, 207, 208, 210, 227, 228, 428
1287: 370, 806, 947, 1257, 1264, 1358, 7, 23, 72, 154
1284: 603, 757, 818, 2144, 2145, 2146, 2147, 2148, 2149, 2151
1337: 1, 2, 3, 4, 5, 6, 7, 8, 9, 11
1336: 3237, 6724, 52, 65, 154, 207, 227, 233, 425, 977
1339: 1, 2, 3, 4, 5, 6, 7, 8, 9, 11
1340: 1, 2, 3, 4, 5, 6, 7, 8, 9, 11
1343: 30, 39, 53, 57, 59, 63, 64, 65, 66, 69
1342: 1, 2, 3, 4, 5, 6, 8, 9, 10, 12
1329: 1, 2, 3, 4, 5, 6, 7, 8, 9, 11
1331: 924, 936, 937, 957, 1339, 1342, 1997, 4321, 55, 172
1330: 263, 987, 1828, 10331, 10332, 10334, 10335, 10337, 10338, 10340
1333: 159, 196, 206, 5414, 1, 2, 3, 4, 5, 7
1332: 1, 2, 3, 4, 5, 6, 7, 8, 9, 11
1335: 1, 2, 3, 4, 5, 6, 7, 8, 9, 11
1321: 1, 2, 3, 4, 5, 6, 7, 8, 9, 11
1322: 1, 2, 3, 4, 5, 6, 7, 8, 9, 11
1323: 403, 471, 537, 687, 1035, 1038, 1198, 4262, 10318, 464
1324: 920, 1113, 188, 918, 936, 944, 1993, 1994, 1995, 843
1325: 1, 2, 3, 4, 5, 6, 7, 8, 9, 11
1327: 55, 76, 100, 51, 52, 53, 54, 56, 57, 60
1312: 1, 2, 3, 4, 5, 6, 7, 8, 9, 11
1313: 1, 2, 3, 4, 5, 6, 7, 8, 9, 11
1315: 757, 818, 1745, 2145, 2146, 2147, 2148, 2149, 2150, 2152
1316: 430, 97, 266, 294, 296, 301, 307, 311, 314, 325
1318: 154, 229, 352, 2543, 903, 55, 65, 72, 88, 234
1319: 7, 45, 55, 57, 64, 66, 67, 70, 72, 86
1494: 292, 461, 67, 89, 288, 291, 293, 299, 300, 318
1495: 103, 1411, 1418, 1708, 3417, 3703, 3805, 4121, 11604, 15754
1492: 1, 2, 3, 4, 5, 6, 7, 8, 9, 11
1493: 1, 2, 3, 4, 5, 6, 7, 8, 9, 11
1490: 174, 201, 220, 227, 377, 380, 383, 460, 504, 562
1491: 291, 455, 481, 682, 1705, 4750, 4923, 9399, 1, 3
1488: 1, 2, 3, 4, 5, 8, 9, 10, 11, 16
1489: 1, 2, 3, 4, 5, 6, 7, 8, 9, 11
1502: 56, 226, 383, 566, 605, 631, 632, 761, 763, 861
1503: 1, 2, 3, 4, 5, 6, 7, 8, 9, 11
1500: 159, 173, 181, 614, 8042, 8043, 5, 450, 487, 518
1501: 1, 2, 3, 4, 5, 6, 7, 8, 9, 11
1498: 1, 2, 3, 4, 5, 6, 7, 8, 9, 11
1499: 1, 2, 3, 4, 5, 6, 7, 8, 9, 11
1496: 7, 30, 55, 59, 64, 66, 67, 70, 88, 153
1497: 1369, 2569, 5297, 7791, 7792, 1, 2, 3, 4, 6
1479: 1, 2, 3, 4, 5, 6, 7, 8, 9, 11
1478: 1, 2, 3, 4, 5, 6, 7, 8, 9, 11
1477: 56, 14739, 1, 2, 3, 4, 5, 6, 7, 9
1476: 45, 55, 56, 65, 67, 191, 198, 207, 208, 223
1475: 55, 67, 71, 72, 86, 89, 161, 172, 173, 239
1474: 72, 154, 155, 159, 170, 200, 217, 220, 227, 234
1473: 65, 67, 69, 89, 173, 207, 220, 228, 229, 241
1472: 229, 81, 126, 173, 195, 196, 203, 210, 222, 237
1486: 51, 53, 65, 67, 173, 182, 190, 196, 217, 228
1485: 228, 898, 2840, 173, 198, 220, 222, 421, 430, 615
1484: 5596, 25, 488, 517, 707, 1104, 1974, 2835, 2846, 5598
1483: 816, 2080, 4828, 89, 157, 173, 228, 292, 523, 1673
1481: 324, 470, 471, 548, 689, 969, 1377, 1905, 2352, 5666
1480: 1, 2, 3, 4, 5, 6, 7, 8, 9, 11
1524: 1, 2, 3, 4, 5, 6, 7, 8, 9, 11
1525: 1, 2, 3, 4, 5, 6, 7, 8, 9, 11
1527: 1, 2, 3, 4, 5, 6, 7, 8, 9, 11
1520: 288, 45, 55, 88, 97, 171, 172, 182, 198, 215
1521: 65, 475, 4474, 1, 2, 3, 4, 5, 6, 8
1522: 52, 55, 67, 89, 107, 155, 157, 159, 166, 176
1532: 1, 2, 3, 4, 5, 6, 7, 8, 9, 11
1533: 1, 2, 3, 4, 5, 6, 7, 8, 9, 11
1534: 506, 936, 15250, 15251, 15252, 15253, 15254, 920, 1, 3
1535: 7, 55, 65, 67, 72, 89, 154, 157, 163, 207
1528: 8, 65, 67, 71, 171, 190, 198, 199, 220, 230
1530: 923, 1, 2, 3, 4, 5, 6, 7, 8, 10
1531: 954, 1, 2, 3, 4, 5, 6, 7, 8, 10
1509: 55, 154, 157, 239, 240, 257, 261, 279, 285, 293
1508: 1, 2, 3, 4, 5, 6, 8, 9, 10, 12
1511: 1, 2, 3, 4, 5, 6, 7, 8, 9, 11
1505: 9, 66, 77, 81, 153, 166, 185, 191, 198, 228
1504: 8136, 9453, 9585, 11878, 14840, 15845, 16229, 16230, 16231, 1
1507: 56, 238, 278, 330, 331, 378, 569, 572, 718, 1099
1506: 40, 56, 152, 172, 348, 726, 1118, 1339, 1375, 2014
1517: 1, 2, 3, 4, 5, 6, 7, 8, 9, 11
1516: 1, 2, 3, 4, 5, 6, 7, 8, 9, 11
1519: 1853, 161, 257, 292, 295, 300, 302, 318, 321, 352
1518: 1, 2, 3, 4, 5, 6, 7, 8, 9, 11
1513: 17424, 17425, 234, 278, 333, 475, 480, 483, 489, 510
1515: 1, 2, 3, 4, 5, 6, 7, 8, 9, 11
1514: 1, 2, 3, 4, 5, 6, 7, 8, 9, 11
1426: 212, 227, 1513, 6452, 7, 220, 234, 383, 497, 709
1427: 1, 2, 3, 4, 5, 6, 7, 8, 9, 11
1424: 1, 2, 3, 4, 5, 6, 7, 8, 9, 11
1425: 1, 2, 3, 4, 5, 6, 8, 9, 10, 12
1430: 88, 366, 472, 488, 614, 707, 708, 727, 963, 1044
1431: 880, 6497, 6498, 6499, 1, 2, 3, 4, 5, 7
1428: 707, 227, 348, 378, 503, 607, 710, 718, 732, 821
1429: 69, 71, 86, 88, 97, 163, 173, 182, 196, 204
1434: 1, 2, 3, 4, 5, 6, 7, 8, 9, 11
1435: 456, 6600, 10185, 1, 2, 3, 4, 5, 6, 8
1432: 1, 2, 3, 4, 5, 6, 7, 8, 9, 11
1433: 1, 2, 3, 4, 5, 6, 7, 8, 9, 11
1438: 163, 226, 422, 863, 1414, 2899, 8707, 1, 2, 4
1439: 163, 188, 920, 1755, 3420, 1, 2, 3, 4, 6
1437: 1, 2, 3, 4, 5, 6, 7, 8, 9, 11
1411: 1, 2, 3, 4, 5, 6, 7, 8, 9, 11
1410: 496, 1571, 1854, 4502, 53, 58, 65, 70, 80, 84
1408: 67, 89, 157, 257, 288, 291, 292, 293, 295, 302
1414: 1, 2, 3, 4, 5, 6, 7, 8, 9, 11
1413: 1, 2, 3, 4, 5, 6, 7, 8, 9, 11
1419: 1, 2, 3, 4, 5, 6, 7, 8, 9, 11
1418: 1, 2, 3, 4, 5, 6, 7, 8, 9, 11
1416: 1, 2, 3, 4, 5, 6, 7, 8, 9, 11
1423: 1, 2, 3, 4, 5, 6, 7, 8, 9, 11
1422: 89, 537, 1045, 1185, 1191, 1193, 1201, 1246, 2430, 3373
1421: 65, 72, 163, 172, 540, 603, 707, 1110, 1122, 1390
1420: 55, 67, 70, 89, 95, 99, 157, 182, 184, 217
1456: 63, 89, 1064, 4880, 5089, 9087, 59, 67, 157, 295
1457: 1, 2, 3, 4, 5, 6, 7, 8, 9, 11
1458: 171, 173, 190, 229, 511, 614, 715, 900, 969, 1775
1459: 212, 447, 503, 712, 806, 841, 952, 1132, 1369, 1412
1461: 908, 686, 292, 293, 299, 300, 318, 333, 456, 543
1462: 154, 316, 331, 757, 1073, 1379, 2432, 5149, 5150, 5217
1463: 1, 2, 3, 4, 5, 6, 7, 8, 9, 11
1464: 183, 210, 220, 512, 517, 537, 777, 1100, 1170, 1929
1465: 1, 2, 3, 4, 5, 6, 8, 9, 10, 12
1466: 1, 2, 3, 4, 5, 6, 7, 8, 9, 11
1467: 7, 67, 89, 155, 157, 172, 187, 190, 207, 230
1469: 1, 2, 3, 4, 5, 6, 7, 8, 9, 11
1470: 3057, 1, 2, 3, 4, 5, 6, 7, 8, 10
1471: 1, 2, 3, 4, 5, 6, 7, 8, 9, 11
1441: 163, 288, 306, 599, 706, 1098, 1249, 1714, 1803, 2
1440: 55, 67, 72, 86, 154, 163, 185, 209, 227, 258
1443: 89, 7, 38, 55, 56, 58, 65, 67, 97, 167
1442: 1, 2, 3, 4, 5, 6, 7, 8, 9, 11
1445: 1, 2, 3, 4, 5, 6, 7, 8, 9, 11
1444: 1, 2, 3, 4, 5, 6, 7, 8, 9, 11
1447: 1, 2, 3, 4, 5, 6, 7, 8, 9, 11
1446: 1, 2, 3, 4, 5, 6, 7, 8, 9, 11
1449: 1, 2, 3, 4, 5, 6, 7, 8, 9, 11
1451: 1, 2, 3, 4, 5, 6, 7, 8, 9, 11
1450: 412, 501, 816, 1274, 1853, 1, 2, 3, 4, 6
1453: 1, 2, 3, 4, 5, 6, 7, 8, 9, 11
1452: 7, 72, 97, 154, 209, 220, 229, 298, 299, 308
1455: 1, 2, 3, 4, 5, 6, 7, 8, 9, 11
1454: 1, 2, 3, 4, 5, 6, 7, 8, 9, 11
1642: 1, 2, 3, 4, 5, 6, 7, 8, 9, 11
1643: 72, 263, 1095, 1755, 2330, 2419, 3057, 3130, 3462, 5250
1640: 93, 163, 207, 228, 230, 389, 717, 917, 959, 1400
1641: 1, 2, 3, 4, 5, 6, 8, 9, 10, 12
1646: 1, 2, 3, 4, 5, 6, 7, 8, 9, 11
1647: 466, 679, 686, 226, 229, 230, 291, 295, 310, 327
1644: 518, 983, 11132, 65, 157, 184, 198, 234, 328, 602
1635: 1131, 735, 1, 3, 4, 5, 6, 8, 9, 11
1632: 1, 2, 3, 4, 5, 6, 7, 8, 9, 11
1633: 1, 2, 3, 4, 5, 6, 7, 8, 9, 11
1638: 769, 1737, 3294, 3411, 3462, 5205, 6179, 6421, 8633, 10892
1639: 562, 607, 735, 1369, 1372, 1412, 2787, 3774, 4180, 2
1636: 669, 680, 681, 685, 1453, 3377, 12039, 7, 51, 65
1637: 1, 2, 3, 4, 5, 6, 7, 8, 9, 11
1659: 1, 2, 3, 4, 5, 6, 7, 8, 9, 11
1658: 1, 2, 3, 4, 5, 6, 7, 8, 9, 11
1657: 1965, 2671, 2674, 3695, 4230, 6763, 16745, 16746, 16747, 2
1656: 229, 1, 2, 3, 4, 5, 6, 7, 8, 10
1663: 1, 2, 3, 4, 5, 6, 7, 8, 9, 11
1662: 7, 25, 55, 58, 60, 65, 69, 71, 72, 86
1661: 1, 2, 3, 4, 5, 6, 7, 8, 9, 11
1660: 1, 2, 3, 4, 5, 6, 7, 8, 9, 11
1650: 762, 763, 959, 2585, 3043, 4597, 4888, 4893, 5716, 8607
1649: 230, 706, 707, 810, 923, 1044, 1099, 1183, 1184, 1803
1648: 51, 72, 99, 157, 173, 203, 215, 226, 230, 234
1655: 1, 2, 3, 4, 5, 6, 7, 8, 9, 11
1654: 51, 53, 67, 88, 182, 196, 229, 425, 435, 599
1653: 32, 39, 49, 51, 55, 58, 59, 61, 63, 68
1652: 55, 56, 58, 65, 152, 154, 167, 188, 190, 229
1608: 191, 220, 291, 304, 377, 461, 488, 498, 518, 707
1613: 408, 488, 496, 816, 1180, 1852, 1853, 3085, 3758, 5217
1614: 45, 55, 56, 67, 70, 95, 97, 99, 154, 182
1615: 1, 2, 3, 4, 5, 6, 7, 8, 9, 11
1600: 1, 2, 3, 4, 5, 6, 7, 8, 9, 11
1601: 51, 98, 203, 234, 441, 612, 631, 851, 852, 863
1604: 1, 3, 4, 5, 6, 7, 8, 9, 11, 15
1605: 7, 67, 86, 97, 107, 154, 155, 196, 229, 265
1606: 1, 2, 3, 4, 5, 6, 7, 8, 9, 11
1607: 157, 285, 301, 307, 309, 314, 320, 327, 330, 342
1625: 1, 2, 3, 4, 5, 6, 7, 8, 9, 11
1624: 182, 2139, 3258, 6205, 6217, 11229, 13419, 13516, 16678, 221
1627: 1, 2, 3, 4, 5, 6, 7, 8, 9, 11
1626: 1, 2, 3, 4, 5, 6, 7, 8, 9, 11
1629: 175, 782, 7029, 8802, 9146, 12727, 12728, 12729, 93, 910
1628: 304, 2852, 2977, 528, 1602, 3320, 204, 293, 305, 674
1630: 1, 2, 3, 4, 5, 6, 7, 8, 9, 11
1617: 53, 56, 61, 81, 154, 190, 206, 219, 226, 234
1616: 680, 1, 2, 3, 4, 5, 6, 7, 8, 10
1619: 1, 2, 3, 4, 5, 6, 8, 9, 10, 13
1618: 1, 2, 3, 4, 5, 6, 7, 8, 9, 11
1621: 9, 19, 58, 603, 689, 1066, 1203, 1244, 1299, 1824
1620: 154, 197, 199, 205, 211, 217, 236, 418, 433, 602
1623: 226, 234, 475, 751, 752, 763, 841, 856, 917, 1229
1622: 88, 959, 1, 2, 3, 4, 5, 6, 7, 9
1582: 166, 173, 193, 396, 472, 488, 567, 599, 697, 868
1583: 72, 153, 377, 490, 497, 966, 1084, 1874, 1905, 2206
1580: 295, 420, 486, 498, 547, 548, 599, 704, 709, 1400
1581: 54, 56, 58, 65, 67, 77, 89, 152, 163, 167
1578: 55, 77, 157, 234, 251, 257, 262, 285, 302, 317
1579: 298, 428, 539, 618, 1400, 1669, 1766, 2134, 3057, 4452
1576: 1, 2, 3, 4, 5, 6, 8, 9, 10, 12
1577: 4560, 1, 2, 3, 4, 5, 6, 7, 8, 10
1574: 1, 2, 3, 4, 5, 6, 7, 8, 9, 11
1575: 1, 2, 3, 4, 5, 6, 7, 8, 9, 11
1572: 1, 2, 3, 4, 5, 6, 7, 8, 9, 11
1573: 1, 2, 3, 4, 5, 6, 7, 8, 9, 11
1570: 67, 89, 289, 300, 375, 2086, 2094, 2101, 3490, 3324
1568: 1, 2, 3, 4, 5, 6, 7, 8, 9, 11
1599: 1, 2, 3, 4, 5, 6, 7, 8, 9, 11
1597: 1, 2, 3, 4, 5, 6, 8, 9, 10, 12
1596: 1, 2, 3, 4, 5, 6, 7, 8, 9, 11
1595: 61, 98, 152, 154, 199, 212, 225, 229, 233, 429
1594: 428, 718, 1090, 1186, 1663, 1400, 190, 227, 436, 689
1593: 7, 53, 55, 56, 58, 64, 65, 67, 69, 97
1592: 857, 1513, 1545, 1, 2, 3, 4, 5, 6, 8
1591: 55, 67, 257, 300, 466, 679, 689, 4491, 288, 4709
1590: 1, 2, 3, 4, 5, 6, 7, 8, 9, 11
1589: 207, 492, 496, 510, 519, 779, 1186, 1216, 1540, 1858
1588: 356, 389, 734, 735, 987, 2436, 2437, 2439, 2440, 2443
1587: 12547, 228, 486, 498, 1075, 65, 81, 190, 210, 238
1586: 1, 2, 3, 4, 5, 6, 7, 8, 9, 11
1585: 1, 2, 3, 4, 5, 6, 7, 8, 9, 11
1584: 1, 2, 3, 4, 5, 6, 8, 9, 10, 12
1549: 80, 167, 190, 196, 228, 230, 296, 298, 441, 526
1551: 1, 3, 4, 6, 8, 11, 12, 13, 15, 17
1544: 1, 2, 3, 4, 5, 6, 7, 8, 9, 11
1545: 207, 208, 209, 212, 246, 324, 562, 733, 1045, 1100
1546: 51, 53, 67, 182, 196, 228, 435, 486, 498, 599
1547: 89, 159, 210, 295, 424, 443, 599, 863, 913, 2591
1540: 1, 2, 3, 4, 5, 6, 7, 8, 9, 11
1541: 1, 2, 3, 4, 5, 6, 7, 8, 9, 11
1542: 1, 2, 3, 4, 5, 6, 7, 8, 9, 11
1543: 1, 2, 3, 4, 5, 6, 7, 8, 9, 11
1536: 1, 2, 3, 4, 5, 6, 7, 8, 9, 11
1537: 56, 81, 238, 330, 439, 972, 1075, 1402, 1433, 3109
1538: 13637, 1, 2, 3, 4, 5, 6, 7, 8, 10
1539: 234, 1, 2, 3, 4, 5, 6, 8, 9, 11
1565: 65, 67, 90, 171, 173, 182, 227, 301, 316, 511
1564: 1, 2, 3, 4, 5, 6, 7, 8, 9, 11
1567: 1, 2, 3, 4, 5, 6, 7, 8, 9, 11
1566: 418, 733, 1416, 1, 2, 3, 4, 5, 6, 8
1560: 1, 2, 3, 4, 5, 6, 8, 9, 10, 12
1563: 154, 159, 173, 190, 203, 227, 229, 288, 292, 299
1562: 857, 982, 1545, 1, 2, 3, 4, 5, 6, 8
1557: 1, 2, 3, 4, 5, 6, 7, 8, 9, 11
1556: 1, 2, 3, 4, 5, 6, 7, 8, 9, 11
1559: 65, 89, 157, 161, 210, 288, 289, 292, 295, 316
1558: 209, 1047, 1, 2, 3, 4, 5, 6, 7, 9
1553: 89, 173, 227, 292, 300, 412, 481, 518, 522, 1194
1552: 1, 2, 3, 4, 5, 6, 7, 8, 9, 11
1555: 1, 2, 3, 4, 5, 6, 7, 8, 9, 11
1554: 1, 2, 3, 4, 5, 6, 7, 8, 9, 11
1762: 55, 58, 69, 72, 97, 154, 155, 161, 167, 207
1761: 1, 2, 3, 4, 5, 6, 7, 8, 9, 11
1760: 1, 2, 3, 4, 5, 6, 7, 8, 9, 11
1766: 1, 2, 3, 4, 5, 6, 7, 8, 9, 11
1765: 1, 2, 3, 4, 5, 6, 7, 8, 9, 11
1764: 442, 2716, 3694, 619, 2541, 6409, 11791, 12002, 14209, 197
1771: 1, 2, 3, 4, 5, 6, 7, 8, 9, 11
1770: 57, 154, 173, 227, 464, 470, 715, 1037, 2132, 3708
1769: 1, 2, 3, 4, 5, 6, 8, 9, 10, 12
1768: 687, 1461, 67, 89, 157, 173, 233, 295, 349, 375
1775: 61, 63, 67, 89, 157, 159, 289, 295, 374, 379
1774: 1, 2, 3, 4, 5, 6, 7, 8, 11, 13
1773: 1, 2, 3, 4, 5, 6, 7, 8, 9, 11
1772: 1, 2, 3, 4, 5, 6, 7, 8, 10, 12
1778: 1, 2, 3, 4, 5, 6, 7, 8, 9, 11
1779: 1, 2, 3, 4, 5, 6, 7, 8, 9, 11
1776: 72, 189, 191, 300, 405, 407, 488, 489, 490, 492
1777: 1, 2, 3, 4, 5, 6, 7, 8, 9, 11
1782: 65, 257, 291, 293, 295, 296, 297, 299, 304, 318
1783: 89, 154, 430, 436, 439, 599, 709, 903, 1400, 1513
1780: 1, 2, 3, 4, 5, 6, 7, 8, 9, 11
1781: 212, 4058, 154, 163, 190, 208, 210, 220, 418, 428
1786: 55, 295, 296, 299, 302, 306, 308, 314, 328, 332
1787: 1, 2, 3, 4, 5, 6, 7, 8, 9, 11
1784: 1, 2, 3, 4, 5, 6, 7, 8, 9, 11
1785: 1, 2, 3, 4, 5, 6, 7, 8, 9, 11
1790: 65, 89, 257, 295, 306, 328, 349, 461, 468, 481
1791: 1, 2, 3, 4, 5, 6, 7, 8, 9, 11
1788: 7, 67, 88, 157, 161, 209, 227, 230, 234, 289
1789: 53, 59, 64, 152, 159, 163, 170, 173, 188, 196
1729: 154, 190, 228, 703, 858, 859, 882, 1167, 1171, 2639
1728: 1, 2, 3, 4, 5, 6, 7, 8, 9, 11
1730: 199, 209, 424, 466, 470, 518, 541, 679, 779, 1048
1733: 15, 1274, 1547, 2654, 6493, 7941, 8247, 8248, 8250, 2
1732: 1, 2, 3, 4, 5, 6, 7, 8, 9, 11
1734: 1, 2, 3, 4, 5, 6, 7, 8, 9, 11
1737: 27, 1, 2, 3, 4, 5, 6, 7, 8, 10
1736: 1, 2, 3, 4, 5, 6, 8, 9, 10, 12
1741: 1, 2, 3, 4, 5, 6, 8, 9, 10, 12
1740: 210, 225, 227, 424, 428, 429, 441, 443, 599, 818
1743: 1, 2, 3, 4, 5, 6, 7, 8, 9, 11
1742: 7, 25, 55, 56, 69, 88, 157, 172, 173, 191
1744: 1, 2, 3, 4, 5, 6, 7, 8, 9, 11
1745: 207, 492, 496, 498, 503, 510, 519, 614, 779, 830
1746: 1, 2, 3, 4, 5, 6, 7, 8, 9, 11
1747: 107, 163, 206, 511, 605, 606, 748, 756, 1412, 1835
1748: 1, 2, 3, 4, 5, 6, 7, 8, 9, 11
1749: 1, 2, 3, 4, 5, 6, 8, 9, 10, 12
1751: 412, 769, 4273, 11605, 11607, 11608, 11610, 154, 195, 547
1752: 64, 238, 328, 424, 605, 616, 968, 1009, 1306, 1401
1753: 1, 2, 3, 4, 5, 6, 8, 9, 10, 12
1754: 1, 2, 3, 4, 5, 6, 7, 8, 9, 11
1755: 1, 2, 3, 4, 5, 6, 7, 8, 9, 11
1757: 7, 56, 58, 64, 67, 69, 70, 72, 97, 155
1759: 217, 2608, 71, 170, 182, 291, 293, 331, 499, 537
1703: 503, 2794, 808, 812, 190, 198, 490, 500, 504, 806
1702: 1, 2, 3, 4, 5, 6, 7, 8, 9, 11
1701: 1, 2, 3, 4, 5, 6, 7, 8, 9, 11
1700: 2419, 58, 211, 216, 233, 234, 238, 441, 879, 1098
1699: 6885, 1, 2, 3, 4, 5, 6, 7, 8, 10
1697: 207, 222, 245, 249, 331, 418, 533, 567, 603, 718
1696: 209, 220, 230, 234, 283, 377, 378, 389, 429, 498
1711: 1, 2, 3, 4, 5, 6, 7, 8, 9, 11
1710: 1, 2, 3, 4, 5, 6, 8, 9, 10, 12
1709: 1, 2, 3, 4, 5, 6, 7, 8, 9, 11
1708: 51, 53, 59, 67, 76, 159, 173, 182, 190, 207
1707: 961, 9, 72, 159, 163, 197, 227, 233, 512, 732
1706: 1, 2, 3, 4, 5, 6, 7, 8, 9, 11
1705: 229, 1, 2, 3, 4, 5, 6, 8, 9, 11
1704: 1, 2, 3, 4, 5, 6, 7, 8, 9, 11
1718: 209, 230, 316, 333, 403, 412, 481, 486, 536, 704
1719: 58, 65, 72, 154, 170, 190, 532, 689, 697, 1075
1717: 56, 58, 63, 70, 72, 89, 154, 157, 161, 191
1715: 57, 58, 64, 67, 69, 77, 86, 159, 217, 229
1712: 53, 67, 72, 154, 173, 188, 204, 215, 227, 233
1726: 1, 2, 3, 4, 5, 6, 7, 8, 9, 11
1727: 72, 89, 157, 163, 198, 331, 512, 532, 707, 1001
1724: 55, 59, 63, 66, 70, 153, 155, 157, 159, 166
1725: 1, 2, 3, 4, 5, 6, 8, 9, 10, 12
1722: 1, 2, 3, 4, 5, 6, 7, 8, 9, 11
1723: 1, 2, 3, 4, 5, 6, 7, 8, 9, 11
1720: 228, 412, 441, 1369, 1504, 1513, 1974, 2901, 5469, 163
1721: 5390, 563, 570, 718, 1160, 1415, 3896, 5381, 5382, 5384
1669: 1, 2, 3, 4, 5, 6, 7, 8, 9, 11
1671: 1110, 1, 2, 3, 4, 5, 6, 7, 8, 10
1670: 1, 2, 3, 4, 5, 6, 7, 8, 9, 11
1665: 1, 2, 3, 4, 5, 6, 7, 8, 9, 11
1664: 1, 2, 3, 4, 5, 6, 7, 8, 9, 11
1667: 30, 67, 72, 157, 190, 285, 289, 969, 3191, 2
1666: 1, 2, 3, 4, 5, 6, 7, 8, 9, 11
1677: 514, 517, 1979, 7, 173, 198, 267, 377, 489, 494
1676: 72, 159, 969, 7, 51, 70, 88, 99, 154, 163
1679: 1, 2, 3, 4, 5, 6, 7, 8, 9, 11
1678: 1, 2, 3, 4, 5, 6, 7, 8, 9, 11
1672: 1084, 153, 190, 450, 526, 1028, 1062, 1075, 1486, 5484
1675: 89, 161, 257, 265, 279, 289, 293, 302, 308, 317
1674: 288, 290, 291, 292, 295, 299, 300, 301, 302, 314
1684: 55, 67, 220, 283, 292, 296, 299, 309, 310, 326
1685: 377, 1854, 67, 172, 257, 283, 288, 291, 295, 298
1686: 197, 212, 868, 1639, 3747, 7056, 15487, 7, 46, 56
1687: 1, 2, 3, 4, 5, 6, 7, 8, 9, 11
1680: 429, 511, 599, 618, 715, 867, 878, 1150, 1707, 4609
1682: 1, 2, 3, 4, 5, 6, 7, 8, 9, 11
1683: 1, 2, 3, 4, 5, 6, 7, 8, 9, 11
1692: 1, 2, 3, 4, 5, 6, 7, 8, 9, 11
1693: 55, 1934, 340, 889, 58, 97, 157, 192, 257, 288
1694: 288, 2913, 89, 217, 289, 292, 295, 300, 306, 327
1695: 208, 210, 220, 418, 424, 554, 592, 709, 733, 859
1688: 1, 2, 3, 4, 5, 6, 7, 8, 9, 11
1689: 1, 2, 3, 4, 5, 6, 7, 8, 9, 11
1690: 1, 2, 3, 4, 5, 6, 7, 8, 9, 11
1691: 65, 72, 163, 173, 190, 229, 233, 418, 604, 697
1912: 475, 547, 190, 306, 330, 331, 412, 466, 491, 527
1915: 53, 238, 511, 612, 627, 630, 1881, 2136, 2542, 72
1914: 517, 841, 854, 947, 950, 1128, 1132, 1172, 1274, 1523
1917: 1, 2, 3, 4, 5, 6, 8, 9, 10, 12
1919: 36, 72, 183, 226, 233, 538, 777, 1044, 1106, 2137
1918: 1, 2, 3, 4, 5, 6, 8, 9, 10, 12
1905: 1, 2, 3, 4, 5, 6, 7, 8, 9, 11
1904: 1, 2, 3, 4, 5, 6, 7, 8, 9, 11
1907: 1, 2, 3, 4, 5, 6, 7, 8, 9, 11
1906: 1, 2, 3, 4, 5, 6, 7, 8, 9, 11
1909: 3466, 3763, 161, 228, 701, 2022, 9234, 386, 518, 1
1908: 1, 2, 3, 4, 5, 6, 7, 8, 9, 11
1911: 1, 2, 3, 4, 5, 6, 7, 8, 9, 11
1910: 1, 2, 3, 4, 5, 6, 7, 8, 9, 11
1896: 1, 2, 3, 4, 5, 6, 7, 8, 9, 11
1897: 1, 2, 3, 4, 5, 6, 7, 8, 9, 11
1898: 55, 72, 86, 88, 154, 159, 163, 173, 180, 190
1899: 1, 2, 3, 4, 5, 6, 8, 9, 10, 12
1900: 1, 2, 3, 4, 5, 6, 8, 9, 10, 12
1902: 187, 877, 1064, 63, 389, 1001, 3674, 4880, 6733, 51
1903: 53, 65, 70, 154, 163, 173, 182, 190, 196, 206
1888: 1, 2, 3, 4, 5, 6, 7, 8, 9, 11
1889: 1, 2, 3, 4, 5, 6, 7, 8, 9, 11
1890: 229, 230, 420, 437, 460, 851, 1090, 1406, 1513, 2524
1891: 1835, 1, 2, 3, 4, 5, 6, 7, 8, 10
1892: 1, 2, 3, 4, 5, 6, 7, 8, 9, 11
1894: 1, 2, 3, 4, 5, 6, 7, 8, 9, 11
1895: 1, 2, 3, 4, 5, 6, 7, 8, 9, 11
1883: 1, 2, 3, 4, 5, 6, 7, 8, 9, 11
1882: 1, 2, 3, 4, 5, 6, 7, 8, 9, 11
1881: 1075, 16, 40, 55, 76, 100, 155, 159, 167, 172
1880: 314, 1, 2, 3, 4, 5, 6, 7, 8, 10
1887: 1, 2, 3, 4, 5, 6, 7, 8, 9, 11
1885: 1, 2, 3, 4, 5, 6, 7, 8, 9, 11
1875: 439, 1, 2, 3, 4, 5, 6, 7, 8, 10
1874: 333, 609, 757, 858, 874, 985, 986, 1504, 1888, 3281
1873: 1, 2, 3, 4, 5, 6, 7, 8, 9, 11
1872: 1040, 1, 2, 3, 4, 5, 6, 7, 8, 10
1879: 1, 2, 3, 4, 5, 6, 7, 8, 9, 11
1877: 1, 2, 3, 4, 5, 6, 7, 8, 9, 11
1866: 163, 641, 986, 2442, 2463, 3301, 1, 2, 3, 5
1867: 1, 2, 3, 4, 5, 6, 7, 8, 9, 11
1864: 1, 2, 3, 4, 5, 6, 7, 8, 9, 11
1865: 1, 2, 3, 4, 5, 6, 7, 8, 9, 11
1871: 1, 2, 3, 4, 5, 6, 7, 8, 9, 11
1868: 1, 2, 3, 4, 5, 6, 7, 8, 9, 11
1869: 1, 2, 3, 4, 5, 6, 8, 9, 10, 12
1858: 920, 944, 2015, 4330, 4331, 4332, 4334, 4335, 4336, 4338
1859: 53, 173, 228, 486, 498, 1075, 12547, 65, 70, 81
1856: 1, 2, 3, 4, 5, 6, 8, 9, 10, 12
1857: 190, 209, 289, 412, 537, 687, 779, 816, 1038, 1179
1862: 220, 1547, 1, 2, 3, 4, 5, 6, 8, 10
1863: 1, 2, 3, 4, 5, 6, 7, 8, 9, 11
1860: 3481, 13126, 13127, 13128, 13129, 157, 198, 220, 412, 730
1861: 1, 2, 3, 4, 5, 6, 7, 8, 9, 11
1853: 1, 2, 3, 4, 5, 6, 7, 8, 9, 11
1852: 1, 2, 3, 4, 5, 6, 7, 8, 9, 11
1855: 1, 2, 3, 4, 5, 6, 7, 8, 9, 11
1854: 1, 2, 3, 4, 5, 6, 7, 8, 9, 11
1848: 1, 2, 3, 4, 5, 6, 7, 8, 9, 11
1851: 67, 71, 157, 176, 182, 227, 265, 285, 294, 296
1850: 1, 2, 3, 4, 5, 6, 7, 8, 9, 11
1845: 1513, 1, 2, 3, 4, 5, 6, 7, 8, 10
1844: 1098, 1, 2, 3, 4, 5, 6, 7, 8, 10
1847: 1, 2, 3, 4, 5, 6, 7, 8, 9, 11
1846: 1, 2, 3, 4, 5, 6, 7, 8, 9, 11
1841: 1, 3, 4, 5, 6, 7, 8, 10, 13, 19
1840: 1, 2, 3, 4, 5, 6, 7, 8, 9, 11
1842: 2978, 65, 89, 157, 190, 199, 250, 306, 328, 432
1836: 1, 2, 3, 4, 5, 6, 7, 8, 9, 11
1838: 1, 2, 3, 4, 5, 6, 7, 8, 9, 11
1839: 163, 212, 565, 580, 599, 607, 863, 868, 959, 1757
1832: 1, 2, 3, 4, 5, 6, 7, 8, 9, 11
1833: 1, 2, 3, 4, 5, 6, 7, 8, 9, 11
1834: 55, 234, 292, 293, 296, 298, 316, 425, 534, 536
1835: 1, 2, 3, 4, 5, 6, 7, 8, 9, 11
1828: 1, 2, 3, 4, 5, 6, 7, 8, 9, 11
1829: 161, 65, 89, 154, 229, 288, 321, 327, 458, 680
1830: 1, 2, 3, 4, 5, 6, 7, 8, 9, 11
1831: 300, 432, 716, 969, 980, 1106, 1239, 1246, 1398, 1408
1824: 72, 96, 163, 192, 207, 208, 210, 220, 228, 432
1825: 540, 9, 65, 67, 173, 191, 198, 207, 208, 223
1826: 377, 1, 2, 3, 4, 5, 6, 7, 8, 10
1827: 101, 154, 174, 181, 489, 759, 778, 785, 842, 1156
1823: 1, 2, 3, 4, 5, 6, 7, 8, 9, 11
1822: 1, 2, 3, 4, 5, 6, 7, 8, 9, 11
1821: 1, 2, 3, 4, 5, 6, 7, 8, 9, 11
1820: 1, 2, 3, 4, 5, 6, 7, 8, 9, 11
1819: 1, 2, 3, 4, 5, 6, 7, 8, 9, 11
1818: 7, 39, 53, 58, 64, 72, 171, 172, 181, 191
1817: 53, 65, 70, 154, 163, 173, 190, 196, 203, 207
1816: 1, 2, 3, 4, 5, 6, 7, 8, 9, 11
1815: 89, 1, 2, 3, 4, 5, 6, 7, 8, 10
1814: 1, 2, 3, 4, 5, 6, 7, 8, 9, 11
1813: 7, 38, 51, 63, 64, 70, 71, 72, 77, 97
1811: 1, 2, 3, 4, 5, 6, 7, 8, 9, 11
1810: 56, 65, 88, 154, 155, 157, 190, 227, 229, 292
1809: 209, 957, 1045, 4828, 1, 2, 3, 4, 5, 7
1808: 329, 1, 2, 3, 4, 5, 6, 7, 8, 10
1806: 58, 65, 166, 172, 206, 235, 298, 300, 534, 862
1807: 1, 2, 3, 4, 5, 6, 7, 8, 9, 11
1804: 1, 2, 3, 4, 5, 6, 7, 8, 9, 11
1805: 1, 2, 3, 4, 5, 6, 7, 8, 9, 11
1802: 1, 2, 3, 4, 5, 6, 7, 8, 9, 11
1803: 1, 2, 3, 4, 5, 6, 7, 8, 9, 11
1800: 173, 234, 706, 707, 854, 918, 1034, 1412, 1714, 2
1801: 1, 2, 3, 4, 5, 6, 7, 8, 9, 11
1798: 1, 2, 3, 4, 5, 6, 7, 8, 9, 11
1799: 304, 67, 291, 318, 1, 2, 3, 4, 5, 7
1796: 542, 903, 7, 55, 59, 67, 89, 97, 173, 210
1797: 190, 220, 233, 453, 455, 511, 1098, 228, 1, 3
1794: 190, 687, 816, 1183, 1, 2, 3, 4, 5, 7
1795: 1, 2, 3, 4, 5, 6, 7, 8, 9, 11
1792: 1, 2, 3, 4, 5, 6, 7, 8, 9, 11
1793: 233, 498, 714, 1375, 6288, 4586, 12653, 16694, 154, 184
2032: 204, 1, 2, 3, 4, 5, 6, 7, 8, 10
2033: 38, 56, 67, 163, 167, 172, 180, 183, 189, 208
2034: 1, 2, 3, 4, 5, 6, 7, 8, 9, 11
2035: 1, 2, 3, 4, 5, 6, 7, 8, 9, 11
2036: 51, 69, 72, 77, 154, 157, 172, 173, 190, 204
2037: 1, 2, 3, 4, 5, 6, 7, 8, 9, 11
2038: 1, 2, 3, 4, 5, 6, 7, 8, 9, 11
2039: 1, 2, 3, 4, 5, 6, 7, 8, 9, 11
2040: 1, 2, 3, 4, 5, 6, 7, 8, 9, 11
2041: 1, 2, 3, 4, 5, 6, 7, 8, 9, 11
2042: 1, 2, 3, 4, 5, 6, 7, 8, 9, 11
2043: 1, 2, 3, 4, 5, 6, 7, 8, 9, 11
2044: 1089, 1747, 1837, 5150, 5414, 6202, 6203, 6206, 6207, 2139
2045: 3019, 4092, 4188, 5549, 7374, 1, 2, 3, 4, 6
2046: 12, 15, 23, 72, 159, 190, 227, 229, 407, 514
2047: 1, 2, 3, 4, 5, 6, 7, 8, 9, 11
2017: 154, 163, 182, 227, 289, 455, 599, 735, 1412, 15486
2016: 1, 2, 3, 4, 5, 6, 7, 8, 9, 11
2019: 227, 903, 4750, 3092, 4745, 7754, 7756, 8728, 9282, 10306
2018: 1, 2, 3, 4, 5, 6, 7, 8, 9, 11
2021: 1, 2, 3, 4, 5, 6, 7, 8, 9, 11
2020: 1, 2, 3, 4, 5, 6, 8, 9, 10, 12
2023: 1, 2, 3, 4, 5, 6, 7, 8, 9, 11
2022: 1602, 2645, 15347, 55, 56, 65, 67, 161, 190, 217
2025: 1, 2, 3, 4, 5, 6, 7, 8, 9, 11
2024: 1, 2, 3, 4, 5, 6, 7, 8, 9, 11
2027: 1, 2, 3, 4, 5, 6, 7, 8, 9, 11
2029: 176, 220, 227, 228, 229, 230, 234, 288, 289, 333
2028: 2143, 1, 2, 3, 4, 5, 6, 7, 8, 10
2031: 1, 2, 3, 4, 5, 6, 8, 9, 10, 12
2030: 152, 370, 1, 2, 3, 4, 5, 6, 7, 9
2003: 1, 2, 3, 4, 5, 6, 7, 8, 9, 11
2000: 295, 1, 2, 3, 4, 5, 6, 7, 8, 10
2001: 188, 234, 289, 292, 683, 918, 920, 944, 1216, 1755
2006: 1, 2, 3, 4, 5, 6, 7, 8, 9, 11
2007: 1, 2, 3, 4, 5, 6, 7, 8, 9, 11
2004: 768, 1, 2, 3, 4, 5, 6, 8, 9, 11
2005: 1, 2, 3, 4, 5, 6, 7, 8, 9, 11
2010: 503, 6, 152, 181, 188, 198, 370, 436, 504, 706
2011: 1, 2, 3, 4, 5, 6, 7, 8, 9, 11
2008: 51, 55, 57, 58, 59, 64, 69, 81, 84, 97
2009: 1, 2, 3, 4, 5, 6, 7, 8, 9, 11
2014: 1, 2, 3, 4, 5, 6, 7, 8, 9, 11
2015: 944, 961, 2964, 3417, 4675, 152, 163, 170, 186, 370
2013: 195, 441, 1, 2, 3, 4, 5, 6, 7, 9
1987: 618, 1, 2, 3, 4, 5, 6, 7, 9, 11
1986: 1, 2, 3, 4, 5, 6, 8, 9, 10, 13
1984: 1349, 4319, 4320, 928, 936, 937, 1339, 1342, 1997, 923
1991: 1, 2, 3, 4, 5, 6, 7, 8, 9, 11
1990: 1, 2, 3, 4, 5, 6, 7, 8, 9, 11
1989: 1, 2, 3, 4, 5, 6, 7, 8, 9, 11
1988: 1, 3, 4, 5, 6, 7, 8, 10, 11, 13
1995: 65, 171, 184, 511, 533, 620, 851, 1375, 1505, 4997
1994: 1, 2, 3, 4, 5, 6, 7, 8, 9, 11
1993: 154, 197, 205, 227, 233, 511, 599, 600, 601, 603
1992: 1, 2, 3, 4, 5, 6, 7, 8, 9, 11
1999: 930, 190, 228, 234, 333, 371, 377, 378, 405, 436
1998: 1, 2, 3, 4, 5, 6, 8, 9, 10, 12
1997: 67, 289, 292, 461, 55, 72, 86, 89, 154, 185
1996: 55, 67, 71, 89, 155, 245, 257, 265, 267, 288
1972: 1, 2, 3, 4, 5, 6, 7, 8, 9, 11
1973: 1, 2, 3, 4, 5, 6, 7, 8, 9, 11
1974: 610, 60, 69, 72, 89, 204, 215, 238, 263, 316
1975: 1, 2, 3, 4, 5, 6, 7, 8, 9, 11
1968: 1522, 1974, 2342, 1, 2, 3, 4, 5, 6, 8
1969: 6619, 1, 2, 3, 4, 5, 6, 7, 8, 10
1971: 1, 2, 3, 4, 5, 6, 7, 8, 9, 11
1980: 1, 2, 3, 4, 5, 6, 7, 8, 9, 11
1981: 51, 72, 157, 161, 192, 193, 206, 211, 227, 511
1982: 1, 2, 3, 4, 5, 6, 7, 8, 9, 11
1983: 324, 907, 1487, 1488, 1489, 1, 2, 3, 4, 6
1976: 1, 2, 3, 4, 5, 6, 7, 8, 9, 11
1977: 1, 2, 3, 4, 5, 6, 7, 8, 9, 11
1978: 1, 2, 3, 4, 5, 6, 7, 8, 9, 11
1979: 65, 69, 161, 204, 209, 227, 230, 241, 251, 262
1957: 1, 2, 3, 4, 5, 6, 7, 8, 9, 11
1956: 1, 2, 3, 4, 5, 6, 7, 9, 10, 12
1959: 430, 906, 548, 691, 703, 886, 65, 67, 89, 171
1958: 67, 152, 163, 1001, 3264, 3934, 3935, 55, 62, 76
1952: 65, 196, 197, 217, 298, 705, 868, 1048, 1098, 1639
1955: 1, 2, 3, 4, 5, 6, 7, 8, 9, 11
1954: 1, 2, 3, 4, 5, 6, 7, 8, 9, 11
1965: 1, 2, 3, 4, 5, 6, 7, 8, 9, 11
1964: 1, 2, 3, 4, 5, 6, 7, 8, 9, 11
1966: 72, 152, 163, 199, 203, 204, 225, 228, 511, 599
1961: 1, 2, 3, 4, 5, 6, 8, 9, 10, 12
1963: 1, 2, 3, 4, 5, 6, 7, 8, 9, 11
1962: 1, 2, 3, 4, 5, 6, 7, 8, 9, 11
1942: 1, 2, 3, 4, 5, 6, 7, 8, 9, 11
1941: 1, 2, 3, 4, 5, 6, 7, 8, 9, 11
1938: 159, 204, 859, 1947, 2280, 2398, 2399, 2400, 2401, 211
1939: 163, 190, 197, 202, 434, 572, 599, 615, 717, 959
1936: 190, 206, 227, 234, 424, 3745, 7, 56, 65, 88
1937: 55, 65, 69, 72, 89, 157, 161, 180, 184, 192
1950: 1, 2, 3, 4, 5, 6, 7, 8, 9, 11
1951: 230, 3043, 3737, 4097, 4189, 4194, 4212, 4213, 4504, 5600
1948: 1, 2, 3, 4, 5, 6, 7, 8, 9, 11
1949: 173, 540, 51, 56, 58, 64, 72, 84, 182, 225
1946: 229, 289, 461, 679, 2044, 1, 2, 3, 4, 6
1947: 154, 188, 250, 440, 599, 1119, 1351, 1413, 1622, 1873
1944: 67, 86, 228, 265, 889, 898, 1369, 2840, 3501, 8281
1926: 1, 2, 3, 4, 5, 6, 7, 8, 9, 11
1925: 1, 2, 3, 4, 5, 6, 7, 8, 9, 11
1924: 1, 2, 3, 4, 5, 6, 8, 9, 10, 13
1923: 1, 2, 3, 4, 5, 6, 8, 9, 10, 12
1922: 1, 2, 3, 4, 5, 6, 7, 8, 9, 11
1921: 503, 829, 4166, 486, 297, 540, 544, 805, 810, 814
1920: 51, 67, 72, 154, 163, 166, 173, 182, 184, 197
1935: 1, 2, 3, 4, 5, 6, 7, 8, 9, 11
1934: 1, 2, 3, 4, 5, 6, 7, 8, 9, 11
1933: 1, 2, 3, 4, 5, 6, 7, 8, 9, 11
1931: 56, 4028, 1, 2, 3, 4, 5, 6, 7, 9
1930: 89, 171, 1915, 2100, 5082, 5110, 6995, 8398, 8407, 10807
1929: 601, 1, 2, 3, 4, 5, 6, 7, 8, 10
1928: 173, 195, 225, 418, 618, 1098, 39, 210, 217, 329
2065: 295, 306, 308, 331, 375, 644, 674, 1042, 2646, 4814
2064: 57, 154, 173, 403, 501, 687, 691, 715, 1035, 1183
2067: 845, 2579, 805, 809, 825, 829, 839, 842, 849, 2186
2066: 39, 173, 209, 227, 289, 378, 405, 959, 1090, 1796
2069: 65, 89, 198, 207, 265, 300, 386, 489, 512, 535
2068: 1, 2, 3, 4, 5, 6, 7, 8, 9, 11
2071: 306, 1, 2, 3, 4, 5, 6, 7, 8, 10
2070: 8, 12, 25, 55, 56, 67, 89, 154, 157, 161
2072: 1, 2, 3, 4, 5, 6, 8, 9, 10, 12
2075: 72, 234, 706, 707, 854, 918, 1034, 1412, 1714, 99
2077: 1, 2, 3, 4, 5, 6, 7, 8, 9, 11
2076: 537, 1043, 191, 291, 344, 412, 461, 464, 471, 530
2079: 1, 2, 3, 4, 5, 6, 8, 9, 10, 12
2078: 1, 2, 3, 4, 5, 6, 7, 8, 9, 11
2048: 302, 5978, 7869, 8853, 9347, 9433, 9434, 9435, 9436, 1
2051: 1, 2, 3, 4, 5, 6, 7, 8, 9, 11
2052: 30, 56, 58, 61, 67, 70, 75, 77, 99, 172
2053: 1, 2, 3, 4, 5, 6, 8, 9, 10, 12
2054: 1, 2, 3, 4, 5, 6, 7, 8, 9, 11
2055: 2, 7, 8, 13, 15, 19, 24, 25, 31, 37
2056: 1, 2, 3, 4, 5, 6, 7, 8, 9, 11
2057: 1, 2, 3, 4, 5, 6, 7, 8, 9, 11
2058: 53, 59, 65, 72, 89, 93, 99, 157, 159, 190
2059: 1, 2, 3, 4, 5, 6, 8, 9, 10, 12
2060: 15, 154, 186, 957, 9410, 1, 2, 3, 4, 6
2061: 1, 2, 3, 4, 5, 6, 7, 8, 9, 11
2062: 67, 89, 154, 166, 167, 265, 289, 293, 333, 371
2099: 1824, 4113, 53, 2674, 2688, 3695, 4230, 6763, 16745, 16747
2097: 1, 2, 3, 4, 5, 6, 8, 9, 10, 12
2096: 166, 226, 227, 715, 853, 868, 1089, 1249, 1, 3
2100: 8328, 8329, 8344, 706, 712, 821, 923, 954, 1124, 1261
2083: 57, 69, 86, 429, 518, 533, 601, 871, 959, 1412
2080: 7, 11, 13, 30, 31, 32, 49, 64, 65, 88
2081: 1, 2, 3, 4, 5, 6, 7, 8, 9, 11
2086: 57, 715, 5358, 53, 59, 64, 65, 69, 70, 159
2087: 1, 2, 3, 4, 5, 6, 7, 8, 9, 11
2084: 53, 88, 89, 196, 203, 207, 333, 486, 537, 1043
2090: 1, 2, 3, 4, 5, 6, 7, 8, 9, 11
2091: 1075, 88, 89, 184, 198, 234, 238, 291, 293, 302
2088: 1, 2, 3, 4, 5, 6, 7, 8, 9, 11
2094: 543, 1461, 55, 288, 292, 299, 302, 306, 314, 323
2095: 1, 2, 3, 4, 5, 6, 7, 8, 9, 11
2092: 441, 65, 154, 173, 190, 199, 208, 210, 225, 228
2093: 163, 630, 1639, 1, 2, 3, 4, 5, 6, 8
