3: 81, 154, 418, 444, 610, 616, 621, 748, 755, 1167
5: 194, 205, 227, 615
6: 56, 57, 59, 65, 69, 86, 987, 1427, 1828, 15920
7: 1934
8: 63, 161, 229, 230, 241, 246, 257, 273, 279, 294
10: 220, 1249, 7533, 12820
12: 157, 187, 223, 294, 304, 329, 349, 362, 436, 457
13: 89, 285, 289, 403, 511, 3501, 5313, 701, 423, 329
14: 163, 227, 735, 857, 863, 868, 905, 1242, 1426, 1806
15: 7, 65, 89, 107, 137, 174, 188, 196, 207, 216
17: 290, 679, 8370, 11379, 67, 333, 295, 461, 257, 2020
18: 154, 182, 215, 234, 288, 290, 298, 344, 355, 418
21: 906, 1729, 13351, 257, 294, 304, 359, 1463, 1602, 2939
20: 1, 2, 3, 4, 5, 6, 7, 8, 9, 11
25: 265, 959, 3500, 189, 190, 405, 407, 487, 495, 501
31: 605
30: 55, 173
34: 159, 3893, 7533, 12820
35: 163, 212, 418, 1117, 1372, 1423, 2711, 4437, 5416, 8659
32: 231, 748, 1109, 2691, 1083, 427, 868, 969, 1249, 56
38: 65, 680
39: 936, 15250, 15251, 15252, 15253, 15254
37: 59, 159, 163, 197, 222, 429, 607, 1083, 1372, 2362
42: 533
43: 225, 233, 418, 744, 756, 772, 778, 782, 1048, 1801
40: 72, 2, 89, 289, 407, 463, 875, 1000, 1886, 2747
46: 207, 227, 239, 267, 420, 424, 425, 453, 1073, 1377
44: 56, 162, 197, 199, 207, 212, 216, 225, 228, 324
45: 190, 299, 312, 542, 1481, 1482, 1483, 1484, 1485, 4685
51: 10768
50: 88, 233, 631, 716, 867, 985, 1534, 1814, 3444, 9469
49: 257, 292, 309, 317, 328, 332, 482, 523, 722, 1622
48: 854, 1714
55: 683, 1946, 1950
53: 290
59: 2206, 2668, 14688, 3046, 14685, 14686
58: 1, 2, 3, 4, 5, 6, 7, 8, 9, 11
57: 7, 209, 227, 229, 377, 768, 1185, 2210, 2850, 830
56: 208, 226, 422, 1045, 4828, 225, 439, 918, 538, 1048
63: 3774
62: 1, 2, 3, 4, 5, 6, 8, 9, 10, 12
70: 65, 84, 88, 278, 294, 327, 331, 468, 535, 1056
71: 47, 383, 429, 2749, 4965, 11372, 13865, 13866
64: 56, 57, 59, 65, 69, 86, 263, 987, 1427, 12115
65: 89, 198, 288, 294, 295, 371, 462, 468, 488, 503
66: 75, 93, 159, 511, 601, 857, 959, 998, 1013, 2490
76: 3501, 9566
77: 72, 173, 207, 220, 511, 525, 707, 768, 918, 1672
79: 7, 67, 72, 154, 189, 208, 223, 229, 233, 309
73: 1004
75: 56, 65, 154, 190, 227, 88, 498, 518, 680, 2548
85: 163, 188, 198, 843, 846, 917, 918, 920, 944, 14871
84: 843, 942, 947, 954, 957, 1364, 1425, 710, 732, 1104
87: 304, 458, 461, 2939, 4562
86: 89, 486, 498, 1075, 1191, 4502, 7078, 9636, 10430, 11938
81: 234, 475, 3227, 3355
80: 1187, 2579, 3028, 3997, 3999, 8277, 2429, 3029, 5968, 15044
83: 166, 429, 604, 1167, 1772, 5914, 6930, 7810, 8454, 13454
92: 56, 107, 968, 1009, 1401, 1, 2, 3, 4, 6
95: 289, 328, 1098
94: 65, 166, 203, 206, 227, 416, 511, 631, 867, 1534
89: 412, 466
91: 10160, 1814
90: 67, 289, 291, 300, 304, 316, 461, 466, 701, 12356
101: 89, 171, 190, 289, 300, 311, 318, 340, 466, 511
98: 8370
99: 591
110: 2086
111: 432, 2702, 3475, 8586, 13827
109: 163, 3774, 2834, 51, 578, 932, 2127, 2265, 3888, 9347
107: 1104
104: 306, 1241, 5749
105: 16741, 2667, 5043, 6185, 6582, 16367, 16742, 16743, 16744, 16740
119: 944, 1216, 14871, 15250, 15251, 15252, 15253, 15254
118: 173, 497, 1803, 1874, 2380, 2956, 7, 166, 198, 229
115: 572, 580, 581, 706, 735, 2842, 4369, 7056, 8802, 8804
113: 67, 154, 157, 159, 173, 196, 199, 201, 208, 225
127: 228
126: 173, 1866
124: 57
121: 154, 173, 190, 192, 210, 220, 227, 253, 470, 533
120: 229, 544, 1596
139: 3767, 233, 1705, 6056
140: 227, 428, 1983, 8499
143: 732, 951, 959, 1803, 1810, 2346, 3063, 51, 53, 63
142: 1, 2, 3, 4, 5, 8, 9, 10, 11, 13
129: 1, 2, 3, 4, 5, 6, 7, 8, 9, 11
128: 3099
131: 227, 245, 1622, 1627, 1645, 2673, 13089, 13090
130: 191
133: 229, 1244, 1659, 2020, 3324, 5464, 377, 521, 533, 1482
132: 230, 291, 304, 481, 679, 468, 4474, 45, 55, 97
135: 701, 1299, 1301, 1302, 1303, 1304, 2667, 2747, 3551, 13651
134: 72, 233, 290, 295, 300, 306, 314, 323, 333, 498
154: 209, 458
158: 65, 77, 154, 157, 189, 191, 192, 195, 196, 201
159: 157, 295, 959, 3500
144: 3503, 1057, 192, 986, 2079, 2442, 2463, 3301, 3303
145: 317, 475, 1377, 65, 966, 1243, 539
149: 77, 154, 167, 192, 195, 221, 246, 273, 279, 425
150: 55, 59, 65, 67, 86, 154, 173, 209, 228, 230
171: 197, 227, 554, 562, 734, 857, 905, 4999, 9823, 9824
168: 195, 210, 1944, 1945, 1946, 1947, 603
175: 5267, 3586, 3587
174: 89, 227, 467, 511, 604, 679, 898, 1081, 1412, 5437
173: 425, 533, 539, 1424, 4793, 8707, 8708, 13716
172: 56, 64, 748
163: 5267
162: 903
161: 6, 7, 16, 17, 24, 27, 34, 36, 37, 46
164: 230, 533, 65, 70, 203, 225, 228, 235, 288, 412
185: 389, 4880, 5089, 6733, 9087, 39, 65, 152, 162, 233
190: 296, 304, 312, 324, 330, 464, 701, 907, 1051, 1481
191: 13181, 13182, 13183
177: 67, 190, 198, 212, 220, 226, 230, 289, 292, 377
205: 615, 3056, 4887, 4888, 4889, 187, 517, 1104, 1797, 3828
207: 55, 58, 65, 67, 77, 107, 157, 161, 166, 173
206: 207, 428, 233, 238, 1099, 2702, 2810, 2811, 2812, 3475
201: 30, 55, 70, 77, 155, 157, 161, 163, 192, 221
200: 918, 947, 1261, 1337, 1344, 1523, 10768, 198, 488, 923
203: 498, 681, 779, 1187, 2214, 230, 412, 475, 503, 693
202: 159, 173, 188, 198, 212, 225, 806, 841, 949, 1104
196: 36, 52, 54, 56, 57, 58, 60, 61, 62, 67
198: 1, 2, 3, 4, 5, 6, 8, 9, 10, 12
193: 46, 53, 55, 56, 70, 81, 88, 96, 154, 170
192: 45, 220, 412, 489, 547, 1186, 2735, 8261, 14692, 14789
220: 65, 67, 90, 173, 301, 316, 697, 715, 885, 5790
223: 182, 316, 355, 538, 3171, 3488, 6614, 8155, 90, 299
216: 206, 1075
217: 735, 2475, 2491
218: 72, 159, 181, 238, 30, 56, 77, 221, 599, 734
212: 59, 65, 89, 215, 219, 263, 344, 367, 646, 986
213: 424, 486, 498, 704, 1390, 2821, 3475, 4149
214: 679
215: 1412, 163, 562, 607
208: 3, 12, 25, 5667, 6289, 6797, 6798, 6799, 6800, 6802
211: 599
237: 600, 197
233: 1807
232: 190, 209, 239, 323, 332, 344, 400, 548, 679, 1246
230: 191, 229, 498, 679
229: 53, 63, 66, 72, 155, 157, 190, 191, 198, 241
227: 173
225: 805
224: 63, 717
254: 1, 2, 3, 4, 5, 6, 7, 8, 9, 11
255: 744, 1745, 2143, 2144, 2146, 2147, 57, 81, 1222, 2167
252: 291, 157, 265, 290, 636, 637, 638, 639, 640, 642
253: 77, 167, 173, 191, 192, 209, 257, 285, 293, 296
248: 67, 190, 229, 230, 291, 293, 295, 464, 486, 518
249: 1183
247: 176, 230, 233, 289, 500, 614, 779, 810, 813, 837
244: 3236, 3767
242: 55, 191, 257, 292, 294, 304, 386, 396, 498, 548
243: 67, 89, 154, 289, 333, 352, 466, 475, 889, 3057
241: 834, 932, 978, 1854, 8259, 9944, 13211, 13212
275: 51, 52, 53, 54, 55, 56, 57, 58, 60, 63
274: 2094, 3501, 9566, 89, 367, 399, 1009, 1339, 7414, 9735
273: 209
279: 1035, 1188, 5067, 5961, 5962
277: 190, 1, 2, 3, 4, 5, 6, 7, 8, 11
280: 900, 1601, 1613, 3046, 6226, 4452, 11177, 1, 2, 4
286: 1447, 906, 157, 699
285: 89, 154, 163, 188, 203, 207, 257, 333, 517, 705
284: 15974, 377, 472, 488, 490, 496, 497, 966, 1874, 1985
258: 3503
259: 2940
256: 229, 230, 294, 314, 316, 464, 972, 2102, 3491, 528
263: 877, 1064, 4880, 6696
260: 7, 51, 55, 69, 71, 72, 157, 159, 173, 192
261: 107, 488, 768, 813, 815, 832, 839, 842, 845, 1035
266: 154, 57, 166, 362, 689, 1378, 1470, 1800, 2840, 3290
267: 344, 321, 686, 1042, 333, 299
264: 16, 40, 450, 515, 777, 862, 864, 875, 936, 1394
265: 46, 63, 163, 210, 333, 389, 390, 420, 424, 517
270: 207, 226, 233, 238, 428, 1099, 2810, 2811, 2812, 88
268: 917, 955, 1261, 1337, 1358, 2070, 2343, 2347, 3478, 5614
305: 2939, 4562
307: 748, 53, 64, 65, 81, 89, 154, 155, 159, 182
308: 936, 1041, 1045, 15250, 15251, 15252, 15253, 15254
311: 154, 190, 203, 207, 210, 215, 221, 222, 228, 378
310: 430
312: 72, 295
315: 57, 289, 292, 1, 2, 3, 4, 5, 6, 8
317: 1790, 3307, 4976, 5088, 5617, 8816, 14395, 15663, 15664, 15666
316: 808, 840, 1547, 1873, 4218, 4346, 14827, 14828
319: 220, 227, 854, 1091, 1412, 9485
318: 65, 67, 207, 288, 290, 292, 295, 312, 321, 327
288: 72, 215, 366, 599, 614, 805, 808, 868, 1098, 2624
289: 288, 504, 292, 306, 321, 327, 386, 458, 466, 686
292: 72, 163, 188, 190, 198, 237, 407, 408, 488, 500
293: 7, 220, 234, 289, 292, 295, 306, 329, 383, 537
296: 51, 52, 53, 54, 55, 56, 57, 58, 59, 61
298: 231, 304, 321, 400, 537, 646, 1051, 1632, 1669, 2021
299: 288, 903, 1684, 1685, 6121, 14643, 679, 461, 486
300: 154, 163, 183, 188, 429, 506, 815, 2837, 6765, 9716
301: 67, 157, 220, 257, 306, 344, 464, 466, 1042, 207
302: 3317, 3391, 5538, 5539, 5540, 5541, 5542, 5543, 696
340: 157, 190, 191, 207, 208, 209, 212, 214, 229, 257
339: 199
338: 63, 99, 227, 230, 253, 511, 959, 998, 1013, 1707
337: 188, 707, 843, 918, 920, 942, 944, 1216, 1249, 1337
351: 7, 55, 58, 67, 157, 167, 296, 299, 420, 455
350: 8966, 14515, 16760
349: 1, 2, 3, 4, 5, 6, 7, 8, 9, 11
348: 65, 209, 289, 292, 300, 333, 344, 471, 1034, 190
347: 489, 1854, 2014
346: 72, 288, 295, 316, 470, 679, 961, 1042, 157, 285
344: 72, 159
324: 14306
325: 1, 3, 4, 5, 6, 8, 12, 15, 17, 20
320: 65, 217, 683, 1643, 3748
321: 1366, 2838, 2788, 2790, 2143, 5105, 7423
334: 198, 226, 228, 229, 428, 429, 439, 533, 707, 1766
335: 1, 2, 3, 4, 5, 6, 7, 8, 9, 11
332: 296
330: 468, 157, 531
331: 55, 689, 65, 204, 288, 292, 295, 302, 306, 344
328: 913, 9737
329: 166, 481, 524, 779, 930, 1048, 1081, 1246, 1459, 5934
372: 15974
375: 496, 966, 6006
368: 182, 2601, 3258, 3706, 8591, 9823, 11229, 13419, 13516, 16679
371: 152, 176, 605, 614, 728, 734, 779, 814, 816, 920
370: 191, 903, 1001, 63, 67, 72, 155, 288, 436, 5099
383: 209, 257, 302, 526, 528, 542, 646, 686, 1429, 298
376: 227, 917, 2624, 188, 407, 436, 592, 918, 1426
378: 310, 511, 679
357: 7, 67, 153, 163, 188, 190, 226, 707, 1000, 1131
358: 220, 511, 707, 768, 918, 1412, 1672, 1863, 8381
359: 51, 601, 62, 65, 85, 91, 152, 159, 186, 599
353: 2091, 2548, 683, 2543, 3176, 4558, 17143
365: 64, 70, 103, 107, 138, 238, 418, 603, 621, 697
366: 440, 748, 6409
367: 292, 300, 687, 1047, 1118, 1170, 1673, 2206, 2380, 4948
361: 203, 982, 705, 714, 1249, 1375, 2352, 4087, 4941, 498
362: 190, 220, 234, 533, 1249, 89, 154, 288, 321, 488
363: 65, 154, 163, 173, 188, 198, 212, 227, 229, 412
410: 157, 228, 288, 289, 300, 306, 320, 340, 349, 466
411: 7759
408: 1, 2, 3, 4, 5, 6, 7, 8, 9, 11
414: 696
415: 67, 227, 257, 285, 289, 294, 295, 296, 299, 321
412: 455
413: 233, 908, 1489, 3080
402: 868, 1249, 1639, 2363
403: 308
401: 504, 1097, 715, 733, 182, 298, 599, 705, 735, 1412
404: 687, 816, 932, 1513
405: 1, 2, 3, 4, 5, 6, 7, 8, 9, 11
393: 173, 229, 500, 540, 1180, 1185, 1803, 1905, 2343, 3027
399: 55, 308, 531, 2395, 4814, 6690, 173, 229, 312, 889
398: 212, 333, 1775, 4058, 8713, 161, 184, 239, 250, 295
397: 228, 1295, 1704, 8065
396: 72, 173, 229
387: 15, 25, 64, 70, 86, 154, 161, 163, 182, 190
391: 816, 4166, 209, 830
390: 65, 72, 199, 225, 265, 375, 416, 534, 640, 1244
388: 1131, 1118, 233, 55
441: 227, 234, 428, 441, 599, 1983, 3253, 8499, 220, 683
442: 153, 191, 1061, 4308, 59
443: 917, 947, 954, 1257, 1261, 1337, 1344, 1352, 1360, 1804
446: 53, 155, 605, 1793, 16857
447: 418, 782, 1048, 1731, 6755, 12866, 603, 744, 1745, 2144
434: 203, 157, 163, 192, 207, 227, 230, 233, 554, 630
437: 679, 230, 644, 464
438: 153, 1084, 13181, 13182, 13183
425: 362, 690, 1852, 1854, 3080, 3483, 3484, 3485, 4179, 4737
424: 15250, 15251, 15252, 15253, 15254, 9, 13, 16, 18, 32
426: 72, 89, 171, 189, 197, 378, 407, 486, 488, 498
428: 51, 52, 68, 99, 180, 193, 245, 295, 316, 349
431: 377
430: 1004, 1079, 1882, 6056, 6057, 601, 1064, 1881, 1884, 1534
417: 251, 3367, 182, 479, 576, 681, 800, 906, 7390
419: 2543, 1, 2, 3, 4, 5, 6, 7, 8, 10
421: 226, 2821, 2852, 208, 1390
420: 53, 154, 173, 295, 511, 961, 972, 1001, 1064, 1892
478: 171, 228, 683, 720, 1643, 1646, 1647, 1648, 424, 1116
479: 173, 210, 389, 2786
475: 57, 154, 173, 46, 63, 67, 157, 270, 289, 300
472: 65, 89, 257, 289, 292, 329, 344, 533, 679, 701
473: 55, 58, 67, 71, 72, 97, 155, 157, 161, 180
470: 13731, 208, 223, 233, 696, 8370, 11236
471: 917
468: 67, 885
467: 614, 735, 917, 918, 1426
464: 88, 439, 718, 1398, 1755
465: 225, 377, 1379, 2537, 159, 210, 428, 429, 441, 4541
463: 511, 56, 64, 67, 748, 951
462: 57, 173, 163, 235, 562, 728, 2871, 4073, 10847, 17562
461: 209, 403, 498, 1180, 2839, 5313
459: 253, 951, 959, 2346, 45, 65, 220, 378, 380, 489
457: 378, 1128, 1130, 1131, 1132, 1135, 1139, 1140, 1144, 6077
456: 913
455: 19, 89, 96, 199, 416, 429, 440, 441, 466, 511
454: 7, 19, 36, 51, 75, 89, 96, 98, 153, 163
453: 7, 60, 67, 71, 221, 263, 466, 601, 4996
452: 77, 182, 4075, 4984, 4985, 1878
451: 55, 65, 67, 161, 191, 228, 257, 291, 292, 302
450: 228, 233, 599, 707, 868, 1412, 2271, 2473, 2593, 3364
449: 228, 234, 706, 918, 1360, 1803
508: 69, 154, 263, 599, 601, 1095, 1755, 2330, 2419, 3130
509: 89, 288, 294, 295, 462, 468, 779, 816, 1200, 1853
511: 1090
504: 67, 289, 295, 377, 461, 292, 537, 687, 816, 1043
506: 89, 289, 1300, 2667, 3183, 3551, 13651, 18145, 107, 233
507: 152, 188, 225, 233, 707, 5153, 1412, 1, 2, 4
500: 154, 2667
501: 689
502: 285, 681, 2977
503: 3200
496: 183, 233, 607, 632, 964, 968, 977, 1111, 1112, 1118
498: 1032, 802, 576, 1609, 2179
492: 88, 99, 157, 163, 198, 204, 205, 219, 220, 262
494: 356, 730, 1694, 1696, 2076, 2436, 2439, 2449, 2455, 3127
489: 198, 917, 918, 1412, 72, 592, 843, 1406, 1535, 2734
491: 918, 944, 1216, 14871, 936, 15250, 15251, 15252, 15253, 15254
490: 1, 2, 3, 4, 5, 6, 8, 9, 10, 12
485: 103, 1117, 1708, 2817, 3417, 3805, 4121, 4437, 5911, 8461
487: 289, 318, 461, 908, 89, 501, 546, 972, 1400, 4704
481: 56, 64, 72, 89, 97, 157, 173, 190, 198, 220
480: 1709
550: 1261, 1337, 724, 732, 1249, 234, 857, 951, 1810
548: 923, 1369, 1104
549: 2136, 2632, 72, 208, 429, 588, 1104, 1112, 1232, 1414
546: 28, 72, 233, 707, 5237, 5247, 5153
547: 917, 65, 173, 726, 1810, 300, 1366, 1372, 2347, 3470
545: 198, 306, 2664, 229, 329
558: 55, 67, 89, 167, 227, 265, 288, 289, 291, 295
557: 1295, 9162, 15033, 15034
555: 681, 790, 1453, 12038, 294, 352, 498, 972, 1684, 802
553: 233, 190
567: 51, 154, 182, 197, 212, 602, 1976, 3099, 207, 2029
566: 712, 1118, 1369, 6730, 9344
563: 2864, 192, 572, 2863, 2865, 2866, 2867, 2868, 11881, 5446
561: 89, 191, 257, 279, 288, 289, 292, 299, 314, 332
560: 172, 959, 5238
575: 605
572: 312, 3080, 304, 641, 324, 330
569: 72, 88, 204, 314, 352, 532, 646, 689, 718, 1379
516: 51, 59, 157, 289, 295, 298, 333, 377, 378, 430
518: 296, 464, 547, 686, 1936, 2432, 3080, 5536, 5674, 3859
512: 843
513: 159, 210, 424, 429, 441, 443, 863, 4541, 5429, 12219
514: 55, 72, 154, 157, 191, 203, 207, 208, 223, 228
515: 72, 182, 193, 227, 245, 453, 622, 1075, 1470, 2554
525: 173, 233, 13637, 152, 188, 370, 472, 517, 519, 735
526: 163, 227, 599, 868, 1412, 917, 918, 614, 735, 7227
520: 356, 605, 734, 1711, 1793, 1842, 2044, 2136, 2176, 5249
521: 359, 674, 1463, 190, 227, 1183, 1116, 5079, 234, 283
532: 1180
535: 157, 285, 182, 290, 291, 316, 321, 333, 461, 538
529: 1412, 5416, 227
531: 7, 67, 157, 173, 191, 257, 296, 314, 323, 329
541: 69, 599
540: 65, 88, 172, 631, 867, 985, 1534, 1814, 2552, 4155
543: 55, 67, 159, 182, 198, 220, 227, 257, 288, 291
537: 420, 425, 461, 646, 681, 802, 1073, 1379, 1934, 3739
539: 6150, 12820
611: 72, 2086, 2470, 5149, 6150, 12820
608: 342, 389, 730, 963, 1802, 2183, 3081, 3458, 3777, 8312
609: 159, 210, 225, 227, 233, 257, 293, 294, 304, 325
614: 1672
612: 290
616: 173, 188, 436, 512, 614, 715, 854, 856, 936, 982
617: 498, 617, 1620, 2222, 2786, 4710, 8991, 9907, 11070, 13756
623: 212, 225, 228, 333, 412, 718, 1048, 1117, 1186, 4437
620: 324, 412, 537, 687, 930, 1040, 1183, 1185, 1186, 2441
627: 152, 188, 918, 1104, 1369, 2963, 3509
625: 167, 197, 212, 218, 222, 227, 383, 407, 416, 425
631: 65, 154, 298, 1249, 89, 163, 173, 289, 599, 1098
629: 898
628: 2139, 1398, 1738, 2136, 72
635: 154, 173, 486, 1048, 1700, 2699
634: 288, 289, 321, 344, 461, 679, 681, 951, 2467, 291
632: 55, 65, 228, 289, 290, 300, 328, 329, 455, 465
639: 2497
638: 67, 89, 157, 190, 265, 279, 289, 293, 329, 400
637: 377, 592, 707, 813, 830, 1406, 1535, 1672, 2704, 2734
636: 7, 30, 45, 46, 53, 57, 59, 63, 66, 70
580: 28, 227, 920, 1816, 2749, 2752, 2753, 2754, 2755, 2757
581: 461, 51, 65, 69, 97, 190, 191, 257, 307, 317
582: 412, 475, 547, 682, 691, 1455, 1863, 4933, 4934, 190
584: 257, 265, 289, 295, 511, 706, 951, 1447, 2051, 2442
587: 707, 854
589: 299, 686, 257, 265, 352, 640, 679, 908, 3501
590: 55, 67, 292, 518, 524, 686, 1114, 2020, 3393, 8589
593: 329, 599, 906, 1034, 3314, 3489, 4566, 294, 7, 2018
596: 59, 65, 75, 88, 153, 159, 511, 631, 867, 993
598: 191, 208, 223, 544, 696, 1400, 11236
601: 163, 196, 1109, 2300
604: 209, 461, 909, 10016, 229, 359, 2236
607: 12, 1109, 1111, 1134, 1260, 1276, 8319, 8320
606: 707, 5153, 3892
687: 163
686: 56, 220, 722, 1004, 1116, 1406, 1800, 4432, 5939, 13713
685: 173, 207, 289, 377, 523, 1400, 2432, 230, 89, 292
683: 57, 67, 69, 86, 1019, 1891, 1001, 1014, 1122, 1062
682: 687
681: 412, 707, 815, 1672, 4262, 5426, 10299
680: 354, 707, 793, 2432, 4560, 6857, 6858, 6859, 17913, 173
679: 161, 180, 228, 289, 302, 378, 389, 680, 696, 967
677: 841, 918, 1412
676: 51, 227, 614, 918
675: 199, 696, 225, 2840, 416, 3391, 5487, 5538, 5539, 5541
674: 67, 89, 167, 190, 191, 265, 295, 359, 377, 425
672: 377, 503, 504, 2062, 2618, 12778
702: 288, 323, 679, 86, 191, 209, 227, 230, 265, 412
703: 89, 173, 292, 377, 423, 523, 681, 686, 1475, 4502
701: 378, 2939, 198, 229, 296, 307, 332, 350, 356, 479
699: 1879, 1880
696: 228
697: 51, 54, 58, 60, 61, 62, 65, 67, 68, 70
694: 159, 599, 1013, 163, 173, 877, 1110, 1793, 2044, 3264
695: 603
692: 152, 498, 917, 4058
693: 228
688: 903
689: 1470, 1602, 2645, 5487, 15347, 3859
655: 55, 56, 57, 59, 65, 67, 69, 70, 86, 154
651: 465, 3570
650: 333, 378, 537, 605, 15218
645: 1790, 3307, 4976, 5088, 5326, 5617, 8816, 12135, 14395, 15664
647: 58, 65, 70, 88, 154, 163, 195, 210, 220, 231
646: 7, 65, 152, 173, 208, 223, 301, 316, 318, 377
641: 501, 2380, 89, 537, 15218
640: 67, 209, 285, 289, 292, 461, 903, 951, 2070, 208
643: 57, 154
642: 154, 1412, 2862
668: 171, 189, 228, 683, 720, 957, 1116, 1643, 1644, 1646
669: 67, 289, 292, 306, 1904, 544, 7833
670: 220, 234, 250, 709, 868, 1406, 1412, 1520, 1974, 1978
665: 631, 867, 985, 1534, 1709, 1814, 3444, 4155, 4156, 9469
666: 599, 1062, 2289, 3831, 3884, 6217, 10969, 12002, 59, 1083
660: 157, 265, 295, 959
662: 288
663: 187, 877, 1064
656: 89, 93, 98, 99, 163, 173, 227, 511, 532, 857
658: 229, 748, 1099, 52, 53, 107, 163, 206, 605, 1122
659: 331, 458, 696, 2020, 2645, 2840, 4491, 5487, 5574, 304
751: 182, 217, 290, 292, 298, 305, 307, 311, 315, 349
749: 207, 220, 304, 424, 432, 966, 6374, 982, 1044, 1244
739: 30, 52, 60, 69, 88, 153, 154, 159, 173, 191
738: 1119, 982, 2346, 2853, 1343, 843
743: 30, 53, 55, 56, 58, 59, 70, 72, 77, 153
742: 89, 159, 173, 412, 436, 446, 632, 697, 898, 961
762: 56, 70, 72, 77, 153, 159, 163, 173, 191, 221
763: 1195
760: 159, 198, 424, 429, 436, 441, 499, 1424, 1504, 1689
767: 1, 2, 3, 4, 5, 6, 7, 8, 10, 12
764: 1369
752: 475, 682, 691, 4933, 14789, 4188, 8934, 11553, 12490, 12499
753: 429, 599, 2838, 289
758: 51, 59, 67, 157, 172, 173, 191, 220, 229, 377
759: 30, 70, 72, 88, 163, 172, 197, 199, 210, 215
756: 225, 428, 159, 424, 443, 863, 4541, 5429, 12218, 12220
757: 64, 72, 154, 198, 229, 467, 479, 490, 518, 657
713: 289, 294, 304, 1042, 461, 285, 291, 299, 325, 400
712: 207, 227, 228, 533, 1048, 1509
717: 439, 1048, 1390
719: 51, 959, 1803, 2343, 2838, 188, 198, 843, 846, 920
718: 70, 757, 703, 2531, 159
705: 154, 227, 229, 461, 544, 679
704: 430
706: 65, 163, 1109
709: 599, 188, 200, 710, 821, 834, 846, 947, 1044, 1195
708: 152, 220, 559, 562, 769, 859, 882, 959, 961, 1131
711: 592, 1406, 1535, 2704, 2734
728: 51
730: 207, 208, 222, 223, 245, 257, 265, 288, 291, 294
731: 198, 209, 225, 227, 486, 503, 706, 707, 710, 808
733: 533, 614, 705, 706, 707, 837, 930, 1241, 1470, 1662
720: 918
721: 154, 173, 190, 207, 228, 229, 440, 1976, 3693, 227
722: 182, 289, 1098, 65, 88, 154, 163, 227, 298, 461
723: 209, 233, 359, 674, 1047, 1106, 1180, 1197, 1463, 1487
725: 107, 154, 198, 212, 227, 416, 603, 703, 752, 1093
726: 86, 151, 161, 367, 889, 894, 1009, 1090, 1135, 1983
821: 234, 709, 1376, 1513, 2611, 4384, 7642, 59, 172, 854
822: 227, 276, 331, 1621, 1622, 1645, 1948, 1959, 1963, 2252
817: 72, 207, 734, 868, 1090, 1098, 1244, 1520, 1689, 2524
816: 172, 789, 1048
828: 228, 706, 2347, 843, 1249
831: 230, 707, 885, 1004, 1131, 96, 172, 4126
830: 173, 195, 196, 197, 201, 202, 203, 206, 208, 211
827: 300, 2347, 2787, 3470
826: 72, 288, 292, 295, 299, 324, 333, 344, 498, 687
804: 58, 180, 209, 316, 375, 432, 679, 707, 789, 885
805: 2669, 2670, 2677, 603, 1222, 2146
806: 154, 229, 455, 544
800: 1, 2, 3, 4, 5, 6, 7, 8, 9, 11
802: 1, 2, 3, 4, 5, 6, 7, 8, 9, 11
812: 209, 383, 486, 1131, 1276, 1710, 1803, 7913, 7914, 3
813: 6930, 18229, 18230
814: 234, 328, 466, 2020, 253, 455, 951, 1249, 1459, 3097
808: 696, 2083, 3404, 4709, 4814, 18548, 171, 362, 418, 676
809: 296, 5147
791: 1004, 1079
790: 386
789: 207, 249, 271, 276, 306, 366, 547, 617, 619, 1605
788: 53, 62, 63
787: 1, 2, 3, 4, 5, 6, 7, 8, 9, 11
786: 412, 2735, 4948, 14789
799: 159, 2289, 429, 1083, 3276, 1062, 10969
797: 1042, 1444, 7340, 310, 330, 1456, 1455, 689, 56, 346
795: 696, 303, 315, 319, 1114
792: 333, 498, 501, 519
772: 220, 234, 707, 917, 922, 982, 1110, 1249, 1412, 1974
773: 2576, 14057
770: 7, 56, 65, 154, 176, 190, 227, 316, 323, 355
771: 154, 197, 205, 227, 233, 511, 599, 600, 601, 603
782: 1090, 170, 755, 3371
780: 173
781: 45, 97, 204, 228, 229, 233, 234, 251, 262, 279
779: 55, 63, 66, 72, 77, 154, 155, 167, 173, 192
777: 82, 2935, 4296
881: 89, 537, 182, 227, 234, 439, 487, 498, 534, 735
882: 1377
884: 72, 323, 412, 488, 525, 534, 816, 1481, 1482, 1484
887: 174, 198, 206, 212, 503, 821, 824, 930, 943, 2966
886: 67, 257, 288, 295, 328, 488, 511, 679, 1713, 1852
889: 65, 167, 190, 203, 218, 222, 225, 229, 383, 418
888: 72, 190, 486, 173, 53, 66, 67, 155, 157, 209
890: 190, 511
895: 250, 706, 441, 969, 10050
864: 58, 65, 88, 173, 182, 199, 203, 229, 233, 683
865: 220
868: 458, 486, 488, 498, 1246
870: 159, 212, 316, 498, 951, 89, 378, 3367
871: 88, 198, 228, 230, 234, 412, 497, 706, 1044, 1415
873: 229
875: 257, 291, 498, 543, 704, 1461, 518
876: 65, 88, 631, 867, 985, 1534, 1814, 3444, 4155, 9469
877: 918, 6, 89, 96, 152, 159, 163, 188, 198, 300
878: 906, 3489, 528, 689, 1034
851: 36, 65, 161, 180, 229, 308, 327, 332, 350, 359
850: 7, 53, 59, 63, 64, 65, 67, 75, 77, 154
849: 429
848: 1954
855: 72, 157, 217, 293, 302, 432, 492, 496, 507, 605
852: 173, 262, 285, 498, 681, 1588, 1648, 2977, 4814, 7868
859: 56, 64, 67, 70, 72, 77, 154, 159, 163, 198
858: 157, 251, 257, 304, 903, 69, 88, 278, 331, 439
863: 427, 67, 157, 289, 292, 458, 461, 779, 1097, 2242
862: 191, 290, 316, 323, 487, 499, 537, 908, 1044, 1201
861: 55, 89, 288, 296, 328, 329, 333, 432, 455, 461
860: 735, 1360, 2375, 2475, 2491, 1119, 1202, 2473, 2026, 841
835: 253, 857
832: 1349, 4319
838: 703, 2531
839: 779, 830, 1180, 1672
836: 278, 403, 617, 704, 1470, 1620, 2222, 4710, 4814, 8991
837: 2673, 1965, 2671, 744, 778, 1222, 1945, 2158, 16740, 16741
842: 107, 154, 170, 174, 197, 238, 400, 404, 425, 532
843: 4184, 8125, 17846, 4185, 4186, 1186, 4199, 4212, 4217, 10565
840: 159, 228, 412, 549, 1504, 1513, 4115, 5469
841: 207, 210, 331, 342, 499, 710, 843, 951, 952, 2346
846: 2850
847: 1, 2, 3, 4, 5, 6, 7, 8, 9, 11
844: 65, 220, 504, 966, 982, 1247, 1470, 1914, 3427, 55
957: 8173
959: 877, 1064, 703
952: 7340, 154, 190, 206, 227, 229, 234, 424, 436, 779
955: 56, 57, 58, 59, 65, 69, 81, 86, 88, 257
949: 45, 107, 209, 230, 333, 471, 475, 537, 547, 757
950: 947, 954, 1257, 1344, 1352, 1360, 1523, 1804, 10769, 2347
946: 45, 65, 89, 107, 154, 161, 173, 190, 203, 209
940: 55, 961
942: 689, 1098
936: 64, 81, 84, 1790, 1961, 1967, 1969, 3541, 4726, 10002
939: 55, 65, 67, 71, 89, 97, 198, 207, 227, 229
938: 36, 51, 63, 154, 159, 161, 172, 220, 285, 308
933: 65, 67, 159, 163, 182, 198, 220, 270, 285, 289
932: 163, 378, 506, 4126
934: 203, 1709, 1242, 5434, 56, 61, 81, 234, 605, 1411
929: 152, 188, 4616, 10390, 10906, 10907
928: 621, 632, 1098, 2143, 2605, 6189, 6930, 10522, 16741, 18230
924: 289
925: 52, 54, 63, 65, 69, 70, 73, 81, 88, 163
920: 460, 486, 779, 1180, 2435, 2940, 6432, 13637, 493, 6431
921: 55, 88, 267, 276, 331, 429, 433, 683, 1613, 1943
919: 1512
917: 599, 735, 1098, 1412, 225, 228, 182, 1639, 3747, 15485
914: 154, 173, 190, 486, 1075, 1091, 1098, 1297, 1298, 3183
915: 209, 227, 230, 498, 707, 903, 918, 1041, 1045, 1672
912: 176, 227, 424, 951, 959, 2783, 2785, 2787, 2789, 96
913: 159, 429, 599, 618, 867, 878, 1150, 3893, 4609, 12820
910: 154, 262, 545, 1455, 915, 233, 544, 290, 293
909: 162, 1379, 1800, 1854, 4177, 5605, 5939, 10837, 45, 479
907: 868, 570, 857, 903, 975, 1048, 1225, 1369, 1469, 2458
906: 289, 292, 425, 488, 498, 504, 518, 524, 525, 1097
905: 157, 542, 1451, 2080, 439, 366, 691, 265, 1450, 307
904: 157, 408, 930, 1098, 4920, 4922, 7157, 63, 88, 321
903: 152, 300, 472, 486, 517, 519, 735, 769, 785, 868
899: 230, 488, 511, 1470, 2607, 6249
897: 181, 227, 4693, 10717
1017: 335
1018: 6, 48, 1259, 1360, 1521, 2432, 4265, 4266, 4267, 4269
1020: 816, 1041, 1045, 1200, 2080, 65, 198, 439, 512, 2544
1022: 889
1008: 222, 1046, 1504, 2294, 2572, 4092, 4185, 4219, 4224, 8925
1010: 66, 191, 518, 871, 878, 951, 975, 1027, 1061, 1463
1011: 207, 288, 481, 541, 1048, 1400, 1672, 2014, 4136, 7413
1012: 89, 157, 170, 212, 461, 679, 718, 734, 3319
1001: 155, 161, 192, 208, 212, 223, 227, 307, 308, 325
1003: 16857, 72, 193, 679, 1004, 99, 429, 986, 1013, 1027
1002: 69, 72, 173, 262, 263, 329, 342, 498, 681, 1427
1007: 288, 310, 913, 2021
1006: 195, 257, 285, 533, 697, 2544, 310, 89
995: 458
994: 717
997: 440
999: 3, 12, 13, 16, 20, 23, 24, 28, 32, 39
998: 217, 239, 257, 267, 279, 322, 370, 686, 687, 830
986: 614
987: 199, 344, 499, 518, 696, 1048, 2014, 2959, 4136, 7413
984: 199, 968, 77, 163, 167, 171, 192, 225, 336, 380
985: 191, 455, 465, 533, 1377, 458, 1045, 3570, 9169
990: 195, 217, 220, 222, 231, 437, 440, 445, 614, 630
989: 229, 418
976: 89, 203, 207, 257, 333, 679, 705, 982, 1249, 2352
982: 89, 288, 289, 300, 464, 679, 755, 3222
971: 504, 982, 1247, 1470, 1914, 9156, 706, 707, 1241, 1662
969: 72, 89, 209, 288, 599, 913, 1097, 1098, 1131, 1685
968: 2601, 3258, 3706, 8591, 9823, 11229, 13419, 13516, 16678, 16680
975: 475, 55, 189, 229, 302, 489, 691, 3427, 3459, 14450
972: 15, 25, 67, 152, 190, 215, 226, 227, 234, 599
962: 1369, 2569, 7791, 7792
960: 56
966: 30, 53, 57, 63, 65, 66, 69, 86, 153, 159
964: 1853, 704, 2101, 8390, 14840, 16156
1103: 30, 72, 32, 515, 961, 4959
1097: 46, 55, 56, 64, 65, 70, 81, 89, 96, 157
1098: 55, 67, 101, 154, 181, 489, 744, 759, 767, 785
1099: 605, 1099, 4983, 5097
1092: 157, 404, 413, 1001, 1098, 1912, 2092, 2097, 2098, 2115
1094: 57, 69, 86, 230, 403, 498, 601, 1180, 2839, 5313
1088: 207, 227, 228, 229, 378, 510, 533, 687, 815, 1040
1089: 1, 2, 3, 4, 5, 6, 7, 8, 10, 12
1091: 55, 190, 681, 1854, 3124, 14628, 16422
1116: 314, 525, 2977, 12393, 55, 67, 285
1118: 425, 1904, 2154, 2383, 7637
1112: 370, 498, 154, 234, 517, 707, 779, 810, 837, 918
1115: 1, 2, 3, 4, 5, 6, 7, 8, 9, 11
1114: 89, 182, 189, 227, 229, 295, 475, 489, 517, 913
1109: 154, 423, 425, 476, 898, 914, 1632, 1971, 2295, 2829
1111: 209, 481, 830, 1863, 1866, 2661, 4234, 6433
1104: 161, 320, 328, 523, 542, 4716, 1452, 802, 4709, 360
1107: 198, 377, 489, 1852, 190, 163, 408, 500, 856, 2744
1106: 55, 67, 161, 257, 288, 293, 318, 327, 329, 340
1135: 1428
1132: 214, 225
1133: 55, 58, 67, 96, 157, 166, 180, 189, 191, 235
1130: 1, 2, 3, 4, 5, 6, 7, 8, 9, 11
1131: 55, 290, 320, 328, 329, 466, 528, 689, 701, 1098
1128: 191, 223, 696, 1400, 11236, 234, 470, 959, 1673
1124: 55, 65, 88, 154, 161, 173, 207, 220, 228, 323
1125: 233, 1131, 1203, 2026, 2472, 19, 181, 697, 726, 2030
1122: 458
1120: 54, 56, 65, 71, 72, 81, 88, 152, 154, 163
1151: 683, 8047
1150: 55, 65, 67, 89, 157, 173, 191, 228, 229, 250
1148: 51, 61, 82, 99, 154, 157, 163, 193, 199, 238
1146: 184, 331, 342, 456, 485
1144: 96, 163, 176, 197, 220, 227, 230, 234, 235, 302
1143: 461, 1459, 58, 97, 229, 290, 311, 601, 1098, 1934
1140: 203
1139: 39, 65, 152, 162, 183, 187, 233, 369, 389, 423
1138: 1411, 183, 2837, 6765, 8658, 9822, 209, 230, 2630
1137: 257
1136: 298, 316, 423, 1400, 342, 1461, 9737
1032: 154, 580, 2862, 8109
1035: 53, 65, 88, 103, 154, 162, 203, 217, 237, 433
1036: 867, 7525, 11229, 11231
1037: 227
1038: 7, 19, 30, 36, 67, 89, 96, 163, 172, 196
1025: 210, 217, 226, 377, 420, 447, 716, 978, 1116, 3640
1026: 69, 257, 278, 331, 576, 617, 917, 947, 954, 1261
1029: 1878
1049: 103, 246, 418, 981, 1396, 1727, 1731, 1747, 4495, 8752
1053: 4502
1052: 209, 471, 537, 691, 1035, 1038, 1040, 1043, 1183, 1188
1055: 321
1041: 504, 1300, 1704, 1914, 2038, 3184, 4156, 5079, 5610, 18518
1040: 230, 378, 924, 930, 1406
1042: 230, 857, 1400
1044: 234, 1221, 1360, 2375, 2493, 6126
1047: 441, 1228, 1239, 4183, 6146, 6901, 8469, 9794, 10449, 11978
1046: 2102, 456, 3324
1067: 815, 1195, 3481, 9716, 198, 408, 488, 490, 512, 1118
1064: 2341, 917, 1369
1065: 67, 191, 289, 461, 466, 498, 2102, 3324
1071: 1, 2, 3, 4, 5, 6, 8, 9, 10, 12
1058: 157, 190, 227, 229, 230, 540, 198, 2352, 1243, 8721
1056: 191, 304, 310, 377, 790, 1047, 1428, 8370, 190, 816
1057: 291, 299, 304, 314, 461, 498, 681, 913, 1934, 465
1063: 67, 154, 2301, 103, 246, 981, 1396, 1727, 1731, 4495
1060: 65, 72, 159, 190, 407, 2775, 7160, 7170, 11825, 12761
1083: 300, 614, 705, 707, 837, 1778, 3427, 4432, 5072, 6600
1081: 59, 65, 72, 159, 182, 199, 420, 425, 429, 599
1080: 30, 51, 52, 53, 54, 56, 57, 58, 59, 61
1087: 81, 416, 1396, 5549, 2542, 3299, 3411, 13054, 13667, 13668
1084: 70, 757, 58, 2137, 166, 172, 206, 235, 298, 416
1074: 65, 88, 631, 867, 985, 1814, 3444, 4155, 4156, 9469
1072: 166, 191, 290, 292, 299, 302, 310, 328, 362, 466
1076: 1946, 1950, 1969, 2101, 2667, 6046, 10547, 10548, 1943, 251
1220: 55, 302, 89, 155, 163, 188, 204, 238, 250, 288
1219: 1755
1229: 55, 302, 56, 58, 59, 70, 72, 172, 599, 777
1228: 64, 84, 599, 752, 841, 917, 1202, 1369, 2026, 2473
1231: 936, 15250, 15251, 15252, 15253, 15254, 1790, 3307, 4976, 5617
1230: 30, 51, 52, 53, 54, 55, 56, 57, 58, 60
1224: 8120, 8805, 12627
1226: 265, 2022, 2523, 30, 57, 63, 66, 77, 86, 187
1236: 233, 726, 1131, 1394, 1878
1237: 57
1238: 622, 1400
1232: 65, 88, 631, 867, 985, 1814, 3444, 4155, 4156, 72
1235: 204, 205, 355, 366, 7281, 9539, 13065, 17490, 17491, 2
1245: 15974
1246: 192, 986, 641, 854, 1034, 1064, 1244, 1714, 2442, 3301
1240: 15, 25, 67, 152, 190, 215, 436, 609, 615, 717
1242: 1121
1243: 439, 487, 534, 1044, 1180, 1513, 3236, 3767
1255: 152, 605, 1097
1254: 223, 214, 857, 868, 871, 1098, 1151, 1512, 1772, 2314
1248: 7, 190, 323, 455, 498, 681, 906, 913, 2021, 2523
1262: 1, 2, 3, 4, 5, 6, 7, 8, 9, 11
1261: 2531
1259: 538, 972, 10299
1258: 173
1256: 504, 898, 1231, 1672, 1863
1271: 154, 198, 203, 2624
1267: 173, 190, 207, 212, 246, 324, 403, 486, 488, 512
1264: 212, 227, 614, 4058
1265: 11892
1278: 55, 65, 67, 69, 72, 157, 172, 190, 226, 265
1277: 1, 2, 3, 4, 5, 6, 7, 8, 9, 11
1274: 88, 154, 190, 222, 607, 1411, 1415, 2375, 2624, 2842
1275: 959, 1372, 4058, 5416, 7047, 154, 207, 220, 533, 1400
1272: 67, 86, 190, 198, 223, 265, 285, 295, 308, 333
1273: 1745, 2143
1153: 72, 215, 2531, 5236, 5247, 618, 1944, 986, 4058, 614
1152: 163, 226, 227, 234, 718, 854, 982, 1411, 1412, 1416
1154: 6149, 6159
1157: 191, 288, 689, 1377
1159: 198, 1249, 2601, 3258, 3706, 6205, 6217, 8591, 9823, 16679
1161: 55, 67, 227, 288, 289, 292, 314, 333, 378, 543
1163: 70, 72, 1062, 1795, 4308, 56, 77, 198, 221, 707
1164: 80
1167: 53, 159, 418, 64, 154, 162, 238, 603, 744, 772
1171: 333, 486, 679
1173: 55, 225, 1099, 5237, 65, 230, 285, 498, 535, 1513
1177: 14185, 498, 511, 1854, 1855, 2986
1178: 308, 354, 375, 468, 499, 531, 644, 674, 1042, 2338
1179: 4828, 199, 1040, 5948, 5949, 5950, 5951, 5952, 5953, 250
1180: 246, 733, 1048, 1244, 1416, 46, 56, 70, 77, 167
1182: 53, 64, 81, 84, 1222, 1747, 1790, 1824, 1835, 1953
1183: 89, 403, 518, 541, 1034, 1045, 1048, 1195, 1866, 2661
1185: 430, 548, 906, 1167, 13997
1184: 172, 190
1191: 7, 51, 81, 89, 93, 100, 126, 154, 156, 195
1190: 65, 89, 215, 419, 436, 498, 887, 903, 969, 1089
1189: 233
1188: 9737
1194: 53, 56, 70, 195, 210, 757, 1394, 1627, 1944, 1946
1192: 72, 441, 1414
1198: 424, 534, 913, 1390, 3475, 4149, 9737, 1098, 3393, 5529
1197: 97, 262, 302, 311, 318, 333, 340, 349, 430, 498
1196: 7, 163, 172, 203, 210, 217, 288, 289, 306, 321
1202: 67, 173, 189, 5097
1200: 51, 65, 631, 867, 985, 1534, 1814, 3444, 4155, 9469
1206: 51, 614, 854, 857, 918, 1119
1204: 7, 51, 56, 58, 72, 80, 88, 172, 226, 266
1205: 1, 2, 3, 4, 5, 6, 7, 8, 9, 11
1210: 1, 2, 3, 4, 5, 6, 7, 8, 9, 11
1211: 154
1209: 631, 867, 1004, 1079, 1534, 1814, 3444, 4155, 4156, 9469
1214: 188, 439, 614, 705, 918, 1803, 2544, 3427, 10993, 13637
1213: 10, 13, 17, 19, 24, 26, 41, 49, 51, 54
1375: 705
1372: 233, 1376
1368: 3616
1367: 67, 159, 173, 227, 288, 291, 292, 293, 300, 333
1366: 45, 55, 60, 157, 176, 207, 262, 279, 288, 317
1365: 227, 289, 292, 296, 299, 300, 323, 455, 518, 544
1364: 159, 222, 863, 1123, 1242, 1513, 1707, 1806, 2362, 3156
1356: 65, 72, 157, 190, 191, 204, 208, 223, 227, 233
1357: 7, 96, 163, 176, 192, 197, 207, 220, 383, 556
1354: 182, 227, 735, 1412, 15485, 152, 186, 189, 204, 854
1352: 220, 227
1353: 45, 217, 220, 424, 429, 489, 493, 499, 512, 547
1350: 154, 212, 216, 222, 615
1351: 779, 1180, 1670
1348: 314
1349: 212, 227, 429, 437, 511, 618, 707, 868, 1413, 5175
1346: 687, 1689, 6553, 67, 89, 157, 173, 207, 209, 292
1347: 8108, 8110, 6959, 8109, 8114
1404: 56, 152, 162, 195, 196, 205, 210, 225, 227, 383
1407: 67, 316, 885, 90, 173, 301, 697, 715, 1394, 5790
1403: 46, 63, 157, 210, 228, 389, 390, 420, 424, 512
1402: 198, 408, 441, 488, 490, 1118, 1170, 1854, 2206, 3240
1397: 152, 383, 707, 724, 808, 841, 917, 918, 922, 936
1399: 89, 355, 466
1393: 9, 13, 18, 24, 32, 43, 157, 172, 300, 463
1395: 51, 55, 64, 70, 75, 82, 126, 163, 190, 206
1394: 311, 498, 697, 6123, 7272, 7273, 7274
1388: 1047, 681
1389: 289, 1243, 3080, 3317, 7340, 1, 2, 3, 4, 6
1390: 195, 418
1385: 466
1386: 154, 163, 196, 197, 447, 610, 1109, 1412, 2300, 5844
1387: 190, 199, 207, 210, 228, 229, 233, 432, 969, 1375
1380: 403, 198, 429, 488, 504, 599, 614, 687, 734, 3427
1381: 89, 903, 466, 1034, 3404, 55, 526, 288, 525, 540
1382: 610, 12131, 12132, 154, 605, 1605, 1606, 3355, 1455, 1608
1383: 195, 210, 425, 1159, 1375, 2628, 2840, 9485
1376: 4, 1179
1377: 1, 2, 3, 4, 5, 6, 7, 8, 9, 11
1379: 352, 375, 2977, 523
1305: 285, 316, 696, 681
1304: 55, 257, 294, 518, 1114, 2020, 4709, 1763, 7499, 4716
1311: 190, 250, 458, 230, 263, 1470, 1602, 6374, 17914, 17915
1310: 45, 53, 89, 97, 154, 155, 157, 161, 171, 176
1309: 735, 1360, 2375, 2475, 2491
1308: 58, 67, 71, 86, 89, 154, 155, 173, 191, 209
1299: 455, 923, 1114, 288
1298: 55, 157, 173, 253, 285, 295, 576, 732, 734, 959
1296: 6, 48, 159, 189, 344, 416, 500, 506, 687, 808
1303: 154, 1418, 3364
1302: 67, 885
1301: 3317, 4618
1290: 289
1288: 190, 298, 428, 498, 1663, 3333, 1, 2, 3, 5
1289: 752, 841, 1119, 1202, 1369, 1957, 2470, 2473, 4081, 5605
1294: 333, 359, 674, 1463, 2020, 2840, 3393, 344, 55, 67
1295: 430, 437, 1400, 4802, 19, 153, 190, 220, 221, 230
1292: 344, 793
1282: 30
1283: 209, 234, 329, 456, 537, 1860, 15218, 3489
1280: 7525, 11231, 867
1281: 1, 2, 3, 4, 5, 6, 7, 8, 9, 11
1287: 186, 813, 846, 2374
1284: 603, 2144, 2145, 2146, 2147
1337: 199, 227, 154, 182, 233, 257, 295, 312, 599, 1098
1336: 3237, 6724
1339: 439, 453, 903, 2346, 503, 816, 1200, 2080
1343: 72, 951, 1034, 1803, 1810
1342: 64, 70, 71, 81, 162, 223, 278, 370, 444, 486
1331: 154, 228, 936, 1048, 1342, 1349, 4319, 4320, 6724
1330: 735, 959, 2475
1335: 53, 603, 1835, 1965, 2667, 2668, 2671, 2673, 2674, 3695
1323: 403, 471, 537, 687, 1035, 1038, 1043, 1182, 1198, 4262
1324: 920, 1113
1327: 51, 67
1312: 517, 1180, 1852
1313: 51, 154, 197, 199, 212, 219, 416, 602, 3258, 1976
1316: 51, 367, 537, 1339, 7414, 9734, 15218, 301, 55, 292
1318: 55, 65, 89, 333, 542, 686, 802, 2543
1495: 1418, 1510, 3364
1491: 7, 55, 63, 67, 72, 172, 190, 191, 223, 289
1488: 51, 52, 53, 54, 55, 57, 58, 59, 60, 62
1489: 157, 207, 209, 326, 8370, 308, 309, 332, 789, 1580
1502: 96, 418, 679, 718, 959, 982, 1001, 1295, 1378, 1700
1503: 176, 196, 208, 228, 245, 289, 292, 383, 416, 418
1500: 159, 173, 181
1501: 503, 768, 779, 815, 823, 1188, 1196, 1542, 1547, 2185
1498: 7, 19, 30, 32, 36, 75, 89, 96, 154, 172
1499: 212, 233, 563, 570, 586, 588, 631, 718, 1160, 1415
1496: 30
1497: 563, 1369, 2569, 5297, 7791, 7792, 11424
1479: 65, 71, 97, 161, 198, 229, 239, 241, 242, 244
1476: 207, 377, 816, 1097, 1186, 45, 67, 154, 191, 223
1475: 317, 352, 2395, 299
1483: 1045, 173, 228, 292, 523, 1673, 2432, 89
1481: 154, 194, 195, 196, 197, 198, 199, 200, 201, 203
1480: 51, 52, 54, 55, 57, 60, 61, 62, 63, 65
1524: 429, 441, 1372, 3774
1525: 299, 321, 71, 4814, 6857, 6858, 6859, 1047, 3367
1527: 199, 430, 441, 81, 163, 188, 208, 219, 306, 371
1520: 1400, 857
1521: 89, 199, 225, 257, 310, 362, 386, 416, 542, 696
1522: 191, 208, 233, 622, 696, 2541, 3267, 6687, 11732, 11734
1532: 173, 486
1533: 1556, 196
1535: 7, 46, 55, 63, 65, 67, 72, 89, 157, 210
1528: 518, 1114, 3483, 3484, 3485, 4828, 8407, 12795, 12796, 65
1530: 65, 88, 207, 439, 592, 917, 1406, 1512, 1535, 2734
1531: 227, 917, 918, 1360
1509: 65, 67, 209, 289, 316, 203, 257, 296, 312, 330
1508: 210, 225
1511: 1659
1505: 191, 228
1504: 8390, 14840, 16156
1507: 527
1517: 72, 318, 323, 466, 532, 546, 641, 679, 972, 4704
1516: 55, 65, 70, 154, 173, 233, 265, 289, 292, 300
1519: 686, 1853, 2548
1515: 55, 65, 67, 89, 97, 157, 161, 166, 180, 220
1426: 7, 212, 220, 227, 234, 289, 292, 306, 329, 497
1427: 5097
1424: 163, 298, 599, 1098, 1639, 3747, 7056, 15486
1425: 190
1428: 227, 55, 599, 735, 868, 1122, 1412, 2343, 2786, 3478
1429: 67, 157, 190, 230, 250, 257, 265, 288, 292, 296
1434: 30, 57, 63, 69, 77, 153, 173, 187, 193, 429
1435: 456, 6600, 10185
1433: 1, 2, 3, 4, 5, 6, 7, 8, 9, 11
1438: 533, 707
1439: 163, 188, 920, 1755, 3420
1437: 157, 161, 166, 180, 190, 209, 220, 233, 265, 293
1410: 55, 292, 318, 325, 344, 354, 375, 543, 544, 679
1408: 30, 51, 52, 54, 55, 56, 57, 58, 59, 61
1414: 920, 84, 152, 217, 321, 333, 488, 506, 517, 687
1419: 288, 292, 89, 289, 293, 300, 333, 441, 498, 294
1418: 1047, 2380
1423: 3483, 3484, 3485, 1934, 262, 208, 969
1422: 89, 362, 537, 1045, 1062, 1185, 1191, 1193, 1246, 1688
1420: 681
1457: 58, 71, 180, 253, 279, 356, 479, 1379, 1914, 3491
1458: 55, 166, 207, 930, 5441, 71, 227, 1114, 701, 154
1461: 908, 686
1462: 55, 154, 257, 288, 299, 323, 352, 362, 461, 518
1463: 210, 222, 229, 425, 440, 615, 618
1464: 2668, 162, 2206
1466: 476
1467: 97, 196, 296, 439, 679, 903, 2176, 3928, 6638, 6639
1469: 233, 285, 323, 599, 768, 857, 868
1471: 67, 89, 179, 230, 250, 289, 291, 294, 299, 308
1441: 288, 306, 1098, 1803, 290, 528, 1034
1440: 55, 67, 72, 86, 89, 154, 163, 185, 190, 227
1443: 89, 323, 1934
1445: 39, 152, 155, 161, 162, 183, 187, 191, 229, 290
1447: 468
1449: 868
1451: 316, 8370, 377, 816, 1186, 2548, 5749, 475
1450: 439, 5644, 6602, 10797, 10798, 10799
1453: 7, 55, 72, 97, 154, 155, 157, 159, 161, 176
1452: 89, 288, 289, 290, 292, 300, 461, 523, 344, 173
1455: 190, 250, 257, 306, 327, 331, 458, 484, 646, 1377
1454: 51, 159, 173, 189, 2936, 63, 85, 993, 1014, 1019
1643: 72, 69, 154, 263, 599, 601, 1095, 1755, 2330, 3057
1646: 1, 2, 3, 4, 5, 6, 7, 8, 9, 11
1647: 289, 296, 350, 354, 455, 476, 906
1635: 2070, 3478, 5614, 159, 233, 726, 1131, 9, 30, 153
1632: 1, 2, 3, 4, 5, 6, 7, 8, 9, 11
1633: 498, 790, 458
1638: 1117, 4437
1636: 157, 209, 299, 378, 644, 646, 7340, 486, 310, 3317
1657: 603, 1824, 1945, 2161, 2667, 2673, 2690, 2691, 3707, 4113
1656: 55, 89, 9737, 58, 67, 289, 300, 352, 430, 532
1663: 533, 1243, 2548, 464, 220, 12964, 1613, 538, 316, 1681
1662: 233, 607, 154, 197, 205, 599, 600, 602, 603, 605
1661: 89, 458, 223, 544, 704, 11236
1660: 157, 196, 199, 208, 225, 245, 285, 416, 417, 419
1649: 55, 257, 285, 289, 306, 317, 318, 325, 329, 518
1648: 72, 173, 377, 854, 1412, 1714, 2432
1655: 438, 533, 705, 815, 837, 932, 946, 1368, 1415, 2663
1652: 296
1613: 488, 1852, 816, 1180, 1853, 13637
1614: 46, 51, 56, 57, 70, 81, 88, 96, 97, 155
1615: 436, 453, 2576, 3098, 14057
1600: 45, 55, 56, 60, 65, 67, 72, 88, 154, 157
1605: 7, 65, 67, 154, 257, 265, 292, 299, 323, 333
1606: 56, 72, 89, 173, 182, 207, 220, 227, 234, 289
1607: 55, 58, 257, 288, 295, 298, 300, 312, 328, 412
1625: 1098, 6930, 15679, 18027, 18028, 18029, 18030, 18031, 18229, 572
1627: 152, 190, 228, 237, 418, 511, 1034, 1337, 2070, 4123
1626: 196, 378, 444
1629: 187, 9146
1628: 191, 227, 233, 279, 291, 294, 342, 344, 377, 430
1617: 154, 190, 203, 206, 226, 233, 562, 707, 1131, 1239
1616: 65, 157, 154, 12988, 89, 180, 227, 285, 292, 300
1619: 6289, 6797, 6798, 6799, 6800, 6801, 6802, 6803, 6804, 6806
1618: 16, 51, 72, 159, 487, 1075, 1886, 3280, 4025, 5709
1621: 58, 1824, 4113, 4117, 603, 1066, 1, 2, 3, 5
1620: 154, 197, 211, 418, 622, 629, 968, 1732, 1947, 3666
1623: 503, 808, 812, 966, 1854
1583: 229, 544
1580: 45, 97, 155, 161, 176, 180, 189, 204, 228, 233
1581: 229, 403, 486, 533, 537, 1239, 1866, 1874, 55, 67
1578: 157
1579: 703, 107, 196, 981, 1109, 1627, 1717, 1943, 2535, 3026
1577: 308, 674, 1444, 1449, 2021, 2498, 2523, 2801, 3491, 3570
1574: 1639, 1244, 5038, 10043, 196, 227, 1249, 6724, 630, 983
1573: 1672
1568: 2939, 1, 2, 3, 4, 5, 6, 9, 10, 12
1597: 209, 1, 2, 3, 4, 5, 6, 7, 8, 10
1596: 3481
1594: 182, 190, 196, 227, 689, 735, 1412, 1755, 3333, 298
1593: 329, 475, 545, 1444, 2179, 227, 302, 1081, 1505, 3763
1591: 67, 300, 466, 679, 288, 55, 257, 470, 4491, 4709
1589: 503, 804
1588: 2436, 2437, 2439, 356, 2443, 190, 2438
1587: 498, 12547
1586: 10768
1585: 155, 1001, 7157, 9888, 10461, 10462, 52
1584: 88, 89, 430, 1383
1545: 1206, 5218
1540: 304, 2852, 3081, 9737
1541: 1083
1542: 1064
1536: 227, 592, 707, 854, 917, 952, 1034, 1239, 1406, 1535
1537: 81, 238, 330, 972, 1075, 1433, 2222, 3109, 4316, 5891
1538: 72, 186, 234, 726, 1104, 1178, 15965, 15966
1539: 89, 223, 412, 464, 466, 544, 707, 846, 1979, 11236
1565: 65, 67, 90, 173, 227, 301, 316, 697, 885, 5790
1567: 71, 157, 252, 279, 287, 314, 239, 800, 909, 6429
1566: 173, 498, 12547, 418, 733, 868, 1416, 1755, 5925
1560: 190, 641
1563: 288, 290, 291, 293, 295, 296, 300, 302, 310, 328
1562: 188, 226, 377, 503, 726, 857, 860, 1119, 1358, 1535
1557: 621, 632, 6189, 1, 2, 3, 4, 5, 6, 8
1556: 159, 212, 233, 408, 441, 490, 512, 689, 707, 769
1559: 46, 63, 65, 89, 157, 161, 210, 288, 289, 295
1558: 198, 292, 930, 1672
1553: 533, 614, 705, 706, 707, 837, 1241, 1470, 1660, 1778
1552: 57, 59, 64, 69, 70, 71, 72, 84, 86, 183
1555: 455, 1556
1762: 55, 97, 161, 176, 180, 189, 190, 229, 262, 309
1761: 53, 55, 63, 66, 67, 72, 154, 155, 159, 173
1760: 230, 481, 488, 707, 816, 917, 918, 922, 982, 1180
1766: 173, 180, 228, 233, 304, 425, 465, 492, 497, 504
1764: 3694, 14209
1771: 192, 227, 285, 289, 292, 295, 301, 377, 641, 701
1769: 1400
1768: 67, 89, 377, 679, 686, 2432, 2548, 352, 523, 2543
1772: 212, 1239, 1513, 2902, 5375, 6452, 6677, 8649
1778: 65, 190
1776: 378, 486
1777: 30, 59, 63, 153, 159, 173, 208, 225, 226, 228
1782: 89, 265, 300, 386, 972, 6429, 18548
1780: 321
1781: 212, 4058
1784: 227
1785: 51, 67, 98, 194, 433, 437, 440, 461, 466, 704
1790: 67, 285, 288, 292, 302, 89, 229, 906, 155, 188
1791: 1098
1788: 67, 157, 289, 296, 333, 889, 906, 461, 1045, 323
1729: 154, 882, 2580, 3714, 3797, 8642
1728: 229, 511, 879, 3279
1730: 154, 470, 518, 779, 1048, 1180, 1670, 2014, 3200, 7413
1733: 1281, 2744, 1274, 6493, 8246, 8247
1734: 310, 371, 461, 686, 689, 797, 1246, 1852, 1905, 302
1736: 498
1741: 7, 217, 227, 250, 288, 377, 424, 481, 504, 687
1740: 210, 225, 227, 424, 428, 429, 441, 443, 744, 1745
1745: 512
1748: 89, 173, 289, 523, 2432
1749: 209, 965, 1116, 1406, 2630, 12297, 15481, 15889, 17613
1751: 769, 4273, 11607, 11608, 441
1752: 55, 289, 300, 352, 430, 456, 466, 546, 679, 6600
1753: 323, 681
1759: 293, 4179, 4994
1703: 503, 2794
1702: 152, 5820
1697: 603, 1242, 1946, 2136, 3130, 5353, 10392, 3134
1696: 808, 932
1711: 227, 1384, 1416, 10080, 11908, 55, 59, 154, 190, 234
1709: 917, 10080, 11232, 11908, 565, 580, 581, 583, 1816, 2864
1708: 969, 1379
1707: 227, 9, 72, 159, 163, 197, 233, 512, 562, 863
1706: 532, 604, 703, 964, 1009, 1099, 1131, 1394, 1613, 3109
1705: 546, 757
1704: 377, 488, 1104, 1246, 7, 67, 157, 190, 209, 239
1718: 209, 230, 291, 293, 313, 333, 378, 403, 412, 536
1715: 154, 292, 703, 2531
1712: 517, 841, 854, 947, 950, 956, 1128, 1132, 1172, 1344
1726: 58, 172, 208, 223, 696, 889, 900, 1400, 3501, 11236
1724: 207, 605, 1099, 1390, 2121
1725: 190, 331, 3501, 9566, 321, 479, 214, 533, 537, 800
1722: 1045, 3940, 8281, 8282, 9169, 36, 159, 545, 1470, 3119
1671: 67, 72, 152, 157, 163, 188, 220, 227, 234, 407
1670: 1, 2, 3, 4, 5, 6, 7, 8, 9, 11
1665: 67, 89, 161, 227, 288, 289, 291, 292, 295, 300
1667: 30, 67, 72, 157, 190, 285, 289, 969, 3191
1677: 88, 197, 207, 208, 233, 302, 407, 428, 432, 489
1676: 72, 159
1679: 152, 173, 183, 187, 188, 228, 233, 289, 333, 407
1678: 455, 72, 599, 1072, 1097, 1098, 2531
1684: 296
1685: 292, 344, 65, 377
1686: 903, 15485
1687: 2983, 4716
1680: 429, 511, 599, 618, 867, 878, 1150, 4609, 7533, 12820
1682: 1, 2, 3, 4, 5, 6, 7, 8, 9, 11
1692: 683, 3748
1693: 55, 1934
1694: 288
1695: 212, 4058
1688: 56, 288, 300, 470, 498, 679
1689: 11892
1691: 7, 52, 54, 57, 60, 61, 62, 63, 65, 69
1912: 475, 547
1915: 59, 72, 599, 1001, 1709
1914: 728, 159, 868, 2478, 2896, 7056, 7143, 154, 583, 176
1917: 2977, 3081, 227, 260, 267
1919: 190, 207, 227, 229, 533, 3333
1918: 220, 1394, 1878, 59, 68, 72, 75, 89, 153, 159
1905: 6, 7, 9, 13, 16, 17, 19, 24, 27, 32
1907: 53, 64
1906: 1, 2, 3, 4, 5, 6, 8, 9, 10, 12
1909: 285, 288, 292, 299, 323, 1098, 1934, 2546, 3748, 462
1908: 6429
1911: 46, 56, 70, 81, 96, 159, 172, 197, 212, 418
1910: 154, 1755, 246, 3057
1896: 58, 154, 195, 210, 220, 227, 418, 425, 604, 632
1897: 292, 936, 10883, 15250, 15251, 15252, 15253, 15254
1898: 58, 77, 97, 161, 167, 171, 180, 192, 195, 199
1902: 187, 877, 1064
1903: 903, 304
1888: 429, 757, 1944, 3700, 6910, 6911, 154, 430, 440, 1164
1889: 228, 5820, 192, 405
1890: 229, 420, 851, 1406, 1513, 3057, 3870, 5922, 12710, 15135
1895: 1, 2, 3, 4, 5, 6, 7, 8, 9, 11
1883: 13, 19, 32, 47, 51, 55, 56, 63, 64, 71
1880: 176, 199, 225, 227, 296, 304, 306, 312, 318, 324
1887: 533
1885: 225, 229, 246, 425, 444, 603, 748, 981, 1109, 1398
1875: 56, 159, 162, 163, 207, 215, 227, 418, 419, 439
1873: 56
1872: 1034, 8370, 291, 304, 679, 903
1879: 229, 959, 1216, 2624, 419, 426, 429, 436, 1110, 407
1866: 163, 986
1867: 768, 1650, 2732, 3239, 3734, 3834, 3943, 4229, 10482, 10484
1864: 572, 581, 584, 1469, 2786, 3019, 8802, 8803, 8804, 8806
1865: 7, 72, 159, 487, 864, 880, 961, 1083, 1203, 3289
1869: 51, 52, 53, 54, 56, 57, 59, 60, 61, 63
1859: 173, 498, 12547
1853: 154, 3693, 622, 1109, 2139, 2279, 3707, 6910
1852: 69, 157, 173, 251, 257, 278, 331, 576, 617, 903
1848: 65, 70, 190, 203, 225, 226, 228, 234, 235, 288
1851: 191, 227, 229, 352, 357, 377, 544, 646, 689, 802
1850: 292, 8765
1845: 72, 163, 1416, 1513, 3074, 4180, 13151, 85, 98, 193
1846: 191, 291, 295, 299, 311, 326, 333, 352, 357, 544
1841: 19, 253, 732, 734, 951, 959, 1248, 1249, 1303, 2346
1836: 1426, 2600, 2601, 7737, 227, 898, 1376, 2265, 2538, 7738
1838: 230, 323, 456, 498, 532, 1400, 1857, 225, 546, 1048
1832: 65, 499, 537, 966, 1180, 1185, 1983, 4439, 436, 2531
1833: 191, 317, 346, 377, 386, 532, 636, 637, 638, 640
1834: 3489
1828: 518, 535, 637, 641, 676, 972, 6429, 18548
1829: 89, 288, 458, 466, 321, 680, 1034, 3404, 5749
1830: 55, 65, 67, 72, 90, 209, 217, 223, 229, 301
1831: 199, 420, 546, 757
1825: 173, 198, 208, 220, 229, 300, 377, 458, 461, 501
1826: 67, 182, 227, 234, 292, 316, 403, 498, 524, 537
1823: 198, 403, 504, 506, 540, 544, 903, 1097, 1866, 2352
1818: 5000, 72, 233, 7, 39, 77, 89, 159, 167, 188
1817: 58, 81, 238, 1824, 2419, 2605, 2711, 4113, 4316, 4404
1815: 190, 206, 229, 234, 424, 436, 1098
1813: 518, 2020, 270
1809: 173, 207, 212, 246, 324, 403, 439, 486, 500, 706
1808: 316, 885
1806: 58, 65, 166, 172, 190, 191, 206, 235, 298, 418
1804: 972, 288, 340, 679, 2352, 203, 217, 221, 222, 285
1805: 618, 630
1803: 55, 65, 67, 89, 157, 161, 199, 228, 230, 251
1800: 173, 854, 1034, 1412, 1714
1801: 81, 198, 229, 230, 289, 378, 488, 497, 536, 1246
1798: 72, 154, 159, 234, 424, 429, 511, 533, 599, 707
1799: 304
1797: 190, 233, 453, 154, 207, 212, 220, 228, 455, 1098
1794: 190, 687, 816, 1183, 1376, 3769
1795: 58, 67, 225, 270, 1048, 1755, 1764, 1833, 4707, 10423
1792: 159
1793: 173, 233, 498, 6288, 89, 333, 486, 705, 1375, 1866
2032: 1, 2, 3, 4, 5, 6, 7, 8, 10, 12
2033: 167, 808, 932, 1513, 5147, 13446, 4828, 487, 499, 1179
2038: 161, 488, 523, 903, 1040, 5749, 481, 972, 424, 55
2039: 220, 71, 221, 461, 961
2041: 471, 501, 1035, 1038, 1040, 2380, 10318, 157, 285, 408
2042: 157, 324, 500, 511, 512, 816, 928, 932, 1046, 1803
2044: 89, 170, 734, 1747, 1837, 2139, 5150, 6202, 6203, 6206
2046: 407, 1109
2047: 215, 2531, 152, 188
2017: 182, 227, 735, 1412, 15485
2016: 53, 57, 64, 65, 151, 166, 182, 197, 219, 229
2019: 3927, 371, 227, 903
2021: 455, 534, 1377, 3404, 4814, 15218, 1854, 6006
2020: 250, 294, 313, 1047, 1048, 2020, 4616, 4617, 1377, 496
2023: 55, 293, 1246
2022: 1602, 15347, 67, 1400, 15537
2025: 57, 66, 69, 86, 155, 518, 533, 706, 871, 975
2024: 30, 56, 70, 72, 77, 163, 198, 707, 722, 880
2027: 257, 288, 295, 328, 412, 486, 679, 707, 1046, 1763
2028: 748, 1965, 2605, 10522, 53, 1835, 2143, 2671, 2673, 2688
2030: 370, 166, 190, 227, 903, 1098, 1118, 1778
2003: 1745, 3289, 5670, 9, 30, 32, 56, 89, 93, 163
2000: 257, 291, 295, 311, 374, 3324, 290, 293, 318, 325
2001: 188, 234, 289, 292, 683, 918, 936, 944, 1216, 1349
2006: 198, 289, 378, 488, 497, 536, 744, 1246, 3367, 52
2004: 18, 30, 39, 55, 153, 157, 159, 187, 191, 211
2008: 500, 1180, 1185, 4439
2009: 59, 192, 292, 441, 498, 703, 986, 1376, 1400, 1983
2014: 89, 93, 163, 173, 190, 227, 486, 747, 857, 959
1987: 618
1986: 533, 614, 705, 1778, 1927, 2790, 3082, 3427, 5453, 15485
1991: 67, 72, 2531
1990: 234, 475, 3355
1988: 423, 907, 295, 1032, 325, 1452, 691, 293, 359, 1463
1994: 285, 288, 289
1993: 55, 67, 289
1999: 154, 288, 289, 301, 533, 679, 930, 1000
1998: 182, 735, 1412, 15485, 7, 171, 184, 221, 250, 377
1997: 67, 289, 292, 461
1996: 245, 619, 1610, 4701, 5239, 15102, 15103, 15104, 15105, 1979
1973: 6429
1974: 72, 215, 2531, 5236, 5247
1975: 744, 2146, 30, 53, 96, 153, 155, 159, 187, 193
1968: 841, 3624
1969: 2252
1971: 6, 163, 188, 512, 517, 816, 841, 843, 846, 917
1981: 51, 72, 192, 193, 227, 453, 622, 641, 986, 1244
1983: 1447, 2390, 4702, 12920
1976: 81, 163
1978: 253, 57, 408, 488, 490, 1118, 1170, 1854, 2206, 3240
1956: 51, 187, 193, 486, 997, 998, 1013, 8, 30, 57
1959: 89, 329, 681, 2020, 461, 65, 67, 191, 257, 323
1958: 67, 152, 3264, 3934, 3935
1952: 182, 735, 1412, 15485
1954: 233
1965: 55, 65, 172, 220, 265, 342, 377, 464, 533, 915
1966: 72, 163, 199, 203, 225, 228, 511, 562, 599, 735
1961: 279, 497, 250, 458, 312, 1032, 468, 325
1963: 458
1942: 599, 5097
1941: 65, 154, 190, 210, 217, 220, 230, 246, 333, 424
1938: 159, 204, 859, 1947, 2280, 2398, 2399, 2400, 2401, 4079
1936: 229, 1098
1937: 683, 53, 63, 66, 72, 154, 155, 157, 173, 386
1950: 3391, 57, 173, 416
1951: 1481, 3032, 4198, 10563
1948: 59, 81, 154, 166, 217, 221, 225, 233, 425, 542
1946: 229, 289, 461, 679, 2044
1925: 173, 615, 758, 3056, 4226, 4887, 4888, 4889
1924: 1, 2, 3, 4, 5, 6, 8, 9, 10, 13
1922: 103, 221, 227, 246, 418, 615, 981, 1239, 1396, 1731
1920: 498, 300, 706, 1470
1935: 1974, 2379
1933: 96, 238, 377, 418, 679, 718, 959, 982, 1001, 1378
1931: 7, 51, 54, 56, 57, 58, 60, 61, 62, 64
1929: 159
1928: 195, 225, 618
2065: 308, 331, 375, 644, 674, 2646, 4814, 6860, 295, 2977
2064: 57, 154, 173
2066: 39, 378, 4044, 5079, 10917, 15292
2069: 89, 217, 265, 300, 386, 518, 637, 641, 676, 816
2068: 290, 323, 333, 464, 530, 913, 3491, 3948, 7395, 906
2071: 296, 299, 304, 312, 324, 330, 464, 701, 792, 1051
2070: 329, 966, 1037, 1670
2075: 72, 854, 1034, 1412, 1714
2077: 437, 641, 689, 734, 986, 1034, 1244, 1248, 2079, 2442
2076: 403, 498, 1186, 1866, 2840, 2850, 4821, 471, 537, 1043
2051: 65, 70, 72, 96, 172, 182, 190, 203, 215, 225
2052: 1097, 2531
2053: 45, 65, 97, 155, 161, 167, 176, 180, 189, 207
2054: 377, 291, 67
2055: 2, 9, 34, 36, 38, 49, 50, 75, 101, 103
2056: 157, 1790, 3307, 4976, 5088, 5617, 8816, 14395, 15663, 15668
2059: 959, 233, 488, 500, 554, 599, 630, 909, 1639, 2546
2061: 542, 646, 1037, 539, 1452, 173, 223, 794, 802, 1180
2062: 89, 333, 537, 15218, 1, 2, 3, 4, 5, 7
2099: 603, 1965, 5028, 2671, 10522
2097: 57, 173, 80, 171, 182, 190, 230, 599, 1513, 1709
2096: 227, 715, 868, 982, 1089
2083: 63, 67, 173, 191, 233, 877, 993, 2936, 4156, 7874
2081: 59, 72, 81, 84, 89, 167, 182, 416, 420, 689
2086: 57
2087: 296, 681, 1458, 1852, 1854, 2346, 4179, 4439, 4737, 4739
2084: 89, 196, 207, 333, 450, 486, 537, 15218, 1866, 203
2091: 238, 1075
2088: 325, 344, 679, 4560, 53, 70, 203, 209, 225, 230
2094: 543, 1461
2095: 163
2092: 441
