2: 72, 1014, 159, 1001, 1892
3: 603, 2605, 418, 154, 7027
4: 65, 1072, 1713, 1061, 1014
5: 190, 227, 533, 709, 1098
6: 257, 157, 55, 292, 299
7: 289, 349, 291, 89, 461
8: 295, 701, 466, 257, 299
9: 1904, 2094, 2102, 374, 288
10: 207, 190, 533, 217, 227
11: 257, 333, 67, 701, 291
12: 89, 289, 292, 704, 1854
13: 289, 89, 288, 461, 302
14: 227, 735, 599, 1244, 8817
15: 227, 511, 851, 206, 190
16: 466, 288, 55, 300, 1573
17: 461, 333, 679, 295, 298
18: 511, 1249, 1412, 917, 234
20: 154, 603, 190, 227, 2671
21: 89, 295, 344, 333, 349
22: 2379, 198, 707, 1672, 2384
23: 1412, 735, 190, 562, 154
24: 292, 288, 349, 701, 306
25: 292, 257, 299, 306, 349
26: 843, 1358, 1412, 163, 924
27: 157, 55, 289, 89, 227
28: 187, 993, 1886, 99, 1892
29: 295, 333, 306, 701, 344
30: 289, 292, 686, 466, 349
31: 1713, 1061, 153, 187, 1001
32: 207, 424, 163, 533, 65
33: 163, 154, 226, 234, 190
34: 429, 154, 190, 159, 227
35: 154, 163, 418, 506, 152
36: 498, 687, 377, 1672, 1853
37: 159, 441, 1534, 429, 1083
38: 704, 289, 464, 528, 324
39: 12, 947, 707, 706, 188
40: 72, 9, 4871, 153, 1323
41: 841, 1527, 707, 918, 163
42: 298, 295, 229, 67, 207
43: 154, 89, 432, 220, 969
44: 959, 1372, 220, 212, 154
45: 466, 292, 289, 291, 67
46: 289, 295, 461, 544, 543
47: 89, 288, 295, 344, 686
48: 295, 292, 333, 466, 701
49: 292, 466, 295, 349, 300
50: 154, 190, 203, 225, 226
51: 841, 954, 707, 843, 1372
52: 779, 845, 1044, 1188, 1551
53: 466, 67, 701, 89, 295
54: 295, 333, 300, 306, 89
55: 65, 2923, 228, 199, 4585
56: 227, 154, 229, 65, 190
57: 679, 461, 544, 701, 681
58: 292, 461, 701, 333, 528
59: 173, 1001, 159, 7, 198
60: 154, 227, 599, 81, 237
61: 154, 227, 207, 903, 5745
62: 1061, 59, 1075, 229, 75
63: 1369, 234, 1249, 1360, 1372
64: 157, 1427, 227, 475, 10150
65: 493, 486, 500, 779, 1672
66: 187, 998, 193, 1014, 1027
68: 302, 461, 291, 333, 55
69: 154, 1627, 440, 227, 1613
70: 154, 220, 234, 707, 511
71: 198, 953, 841, 377, 942
72: 289, 288, 349, 461, 299
73: 72, 59, 193, 997, 98
74: 292, 288, 289, 89, 333
75: 302, 461, 306, 257, 1032
76: 288, 3324, 289, 679, 1906
77: 207, 228, 1090, 533, 154
78: 2668, 756, 772, 616, 4865
79: 302, 295, 349, 461, 288
80: 845, 1853, 1557, 813, 823
81: 475, 1613, 331, 2179, 6618
82: 154, 199, 418, 196, 615
83: 506, 707, 8454, 2300, 10255
84: 707, 1372, 234, 176, 732
85: 707, 227, 163, 154, 234
86: 503, 1672, 808, 198, 815
87: 89, 257, 306, 295, 291
88: 217, 418, 222, 227, 1090
89: 300, 230, 333, 481, 466
90: 1459, 344, 3585, 3583, 3588
91: 599, 1083, 2470, 2624, 3508
92: 701, 292, 257, 523, 344
94: 203, 227, 441, 229, 225
95: 89, 466, 289, 325, 498
96: 157, 72, 59, 187, 1001
97: 424, 229, 228, 227, 425
98: 466, 306, 257, 461, 291
99: 190, 1713, 1061, 59, 1075
100: 533, 190, 203, 599, 1090
101: 333, 2959, 808, 464, 536
102: 154, 599, 959, 163, 4079
103: 173, 1072, 1061, 59, 511
104: 300, 704, 466, 1246, 333
105: 4865, 748, 2146, 444, 2667
106: 159, 1745, 616, 756, 2680
107: 917, 1360, 1369, 841, 1358
108: 707, 954, 917, 918, 1276
109: 706, 1810, 1369, 735, 918
110: 67, 302, 461, 299, 466
111: 154, 227, 425, 190, 226
113: 1358, 843, 930, 706, 918
114: 959, 234, 707, 1415, 212
115: 7056, 227, 565, 868, 11885
116: 278, 331, 330, 3227, 2923
117: 187, 993, 193, 511, 599
118: 1180, 497, 500, 486, 1854
119: 707, 198, 1358, 957, 843
120: 466, 302, 89, 306, 55
121: 466, 295, 344, 461, 299
122: 227, 1412, 163, 154, 733
123: 154, 207, 432, 190, 229
124: 159, 89, 67, 1379, 377
125: 735, 234, 733, 533, 190
126: 461, 289, 295, 344, 318
127: 707, 1412, 732, 917, 220
128: 59, 157, 599, 67, 154
129: 291, 701, 295, 89, 349
130: 292, 291, 333, 302, 325
131: 227, 154, 3147, 250, 16100
132: 292, 306, 325, 291, 528
133: 300, 333, 299, 344, 325
134: 302, 306, 333, 466, 461
135: 333, 306, 300, 701, 461
136: 292, 295, 55, 461, 300
137: 89, 67, 295, 288, 289
139: 377, 497, 198, 488, 816
140: 154, 229, 228, 227, 429
141: 193, 159, 157, 59, 67
142: 72, 159, 997, 998, 1013
143: 735, 1249, 163, 951, 959
144: 302, 291, 468, 701, 466
145: 292, 289, 89, 295, 67
146: 349, 299, 257, 55, 498
147: 295, 300, 89, 67, 349
148: 154, 412, 227, 233, 18706
149: 288, 377, 289, 333, 292
150: 292, 257, 300, 461, 701
151: 333, 89, 300, 288, 1241
152: 288, 289, 291, 292, 306
153: 198, 227, 163, 920, 173
154: 1672, 377, 498, 1180, 951
155: 429, 227, 72, 234, 15516
156: 229, 424, 228, 203, 217
157: 917, 707, 1249, 1803, 732
158: 461, 292, 288, 333, 289
159: 295, 300, 289, 89, 55
161: 517, 707, 966, 377, 2379
162: 292, 300, 466, 288, 461
163: 2449, 344, 461, 2453, 289
164: 173, 227, 233, 65, 229
166: 190, 154, 163, 72, 599
168: 1098, 56, 199, 429, 418
170: 198, 1274, 978, 846, 220
171: 227, 1090, 533, 89, 424
172: 227, 207, 229, 1090, 533
173: 1090, 229, 234, 199, 65
174: 227, 366, 190, 533, 511
175: 2468, 360, 292, 291, 701
176: 207, 154, 599, 65, 199
177: 707, 868, 1372, 735, 562
178: 920, 503, 1358, 152, 824
179: 302, 701, 295, 344, 67
180: 1131, 1119, 154, 188, 152
181: 190, 154, 460, 4226, 2743
182: 300, 67, 289, 292, 378
183: 187, 1001, 441, 234, 173
184: 65, 227, 228, 229, 182
185: 51, 997, 1892, 75, 16601
186: 461, 89, 344, 679, 466
187: 599, 51, 187, 59, 998
189: 497, 966, 412, 228, 190
190: 89, 288, 295, 55, 1081
191: 153, 1061, 159, 173, 65
192: 805, 2187, 3028, 845, 3999
193: 154, 65, 56, 377, 173
194: 190, 65, 53, 207, 237
195: 207, 599, 1090, 228, 562
196: 533, 424, 190, 203, 199
198: 412, 810, 377, 816, 707
200: 1412, 1249, 1372, 735, 707
201: 289, 930, 292, 67, 288
202: 841, 1358, 1360, 706, 1369
203: 816, 779, 2210, 1853, 808
204: 412, 2637, 10564, 1645, 8934
205: 377, 486, 190, 154, 4173
206: 207, 190, 228, 424, 1090
207: 288, 289, 292, 300, 461
208: 707, 918, 163, 503, 4273
209: 333, 89, 293, 285, 701
210: 75, 154, 880, 190, 70
211: 1072, 1713, 67, 157, 173
212: 957, 707, 843, 1358, 918
213: 475, 227, 918, 488, 2379
214: 306, 333, 257, 291, 352
215: 227, 1412, 163, 562, 735
216: 154, 65, 229, 190, 173
217: 917, 1412, 163, 1119, 1360
218: 72, 67, 190, 187, 159
219: 498, 89, 230, 537, 288
220: 207, 229, 424, 190, 217
223: 89, 701, 318, 461, 299
224: 51, 599, 1001, 193, 1014
225: 805, 825, 843, 816, 815
226: 289, 349, 344, 464, 299
227: 333, 89, 306, 701, 318
228: 154, 212, 163, 227, 211
229: 295, 288, 302, 292, 333
230: 295, 701, 299, 344, 461
231: 291, 55, 302, 333, 294
232: 89, 292, 302, 300, 701
233: 295, 701, 288, 302, 349
234: 1613, 475, 234, 2252, 4585
235: 918, 841, 1338, 163, 1113
236: 302, 257, 461, 306, 466
237: 173, 199, 229, 709, 226
238: 1119, 163, 1412, 707, 1131
240: 300, 466, 295, 299, 291
241: 163, 917, 1249, 1369, 918
242: 292, 257, 333, 294, 461
243: 89, 289, 67, 310, 1934
244: 229, 227, 412, 1246, 333
247: 498, 377, 472, 3859, 4368
248: 295, 302, 318, 67, 291
249: 1186, 540, 1853, 687, 412
250: 227, 163, 1110, 917, 1369
251: 227, 207, 154, 533, 220
252: 686, 299, 701, 679, 306
253: 461, 466, 302, 257, 300
254: 498, 6120, 209, 230, 4820
255: 744, 756, 2146, 616, 2673
256: 288, 89, 466, 67, 461
257: 1300, 487, 30, 1886, 1314
258: 292, 302, 461, 318, 295
259: 498, 229, 72, 198, 3833
260: 289, 295, 300, 288, 157
261: 779, 498, 2210, 1180, 15053
262: 159, 1104, 227, 154, 188
263: 72, 1014, 180, 55, 159
264: 59, 998, 193, 159, 1892
265: 805, 1853, 377, 808, 1541
266: 154, 65, 207, 1048, 72
267: 344, 686, 466, 701, 333
268: 1808, 951, 2343, 176, 707
269: 154, 220, 159, 72, 227
270: 1048, 173, 207, 154, 432
271: 466, 295, 291, 325, 318
273: 1180, 209, 537, 412, 377
274: 67, 89, 2086, 2094, 288
275: 72, 51, 511, 67, 997
277: 190, 173, 498, 779, 460
278: 295, 288, 302, 299, 461
279: 1541, 816, 412, 779, 1853
280: 289, 689, 288, 298, 525
281: 1360, 706, 2838, 841, 1372
282: 706, 735, 918, 1426, 841
283: 238, 603, 154, 748, 4113
284: 234, 614, 173, 498, 12390
285: 227, 190, 1249, 207, 498
286: 89, 299, 67, 466, 55
288: 227, 154, 207, 234, 709
289: 207, 1090, 209, 687, 230
290: 72, 59, 1014, 511, 227
291: 288, 89, 466, 289, 292
292: 163, 1372, 562, 1639, 1415
293: 230, 209, 229, 89, 1043
294: 154, 238, 748, 2605, 5327
295: 1369, 947, 1257, 957, 724
296: 227, 1244, 585, 212, 8309
297: 207, 190, 424, 1090, 229
298: 190, 154, 228, 424, 229
299: 228, 903, 679, 288, 229
300: 1249, 163, 533, 1412, 220
301: 701, 67, 306, 466, 257
302: 295, 461, 686, 344, 543
303: 163, 735, 212, 959, 614
304: 154, 1072, 59, 229, 67
305: 295, 257, 333, 67, 291
306: 1061, 1001, 190, 89, 959
307: 5329, 63, 93, 2605, 238
308: 843, 1360, 706, 1358, 1803
310: 289, 295, 291, 701, 302
311: 67, 89, 306, 333, 154
312: 375, 288, 289, 300, 1904
313: 1358, 918, 707, 706, 841
314: 498, 288, 89, 289, 295
315: 1400, 1090, 424, 65, 439
316: 7, 978, 233, 190, 843
317: 1412, 1372, 234, 728, 1415
318: 292, 288, 295, 257, 701
319: 227, 412, 779, 1513, 4822
320: 227, 32, 4871, 153, 2468
321: 707, 1412, 1372, 198, 732
322: 292, 295, 333, 302, 352
324: 2343, 841, 227, 1249, 234
325: 1292, 32, 72, 1303, 1300
326: 289, 466, 257, 300, 55
327: 292, 302, 679, 461, 701
328: 229, 533, 154, 228, 689
329: 292, 306, 300, 349, 466
330: 288, 292, 544, 302, 318
331: 288, 466, 292, 461, 306
332: 288, 295, 89, 289, 257
333: 291, 89, 310, 466, 257
334: 533, 154, 229, 228, 439
335: 306, 302, 466, 701, 333
336: 154, 229, 1118, 230, 65
337: 1527, 918, 706, 843, 1257
338: 706, 176, 1412, 1358, 1810
339: 344, 55, 325, 681, 67
340: 300, 291, 55, 257, 349
341: 1119, 1504, 2493, 152, 1969
342: 533, 1090, 203, 229, 429
343: 1369, 1372, 163, 918, 176
344: 59, 599, 159, 429, 5913
345: 207, 227, 229, 89, 65
346: 424, 227, 300, 689, 228
347: 1854, 498, 378, 497, 500
348: 300, 344, 289, 333, 686
349: 779, 805, 1188, 816, 1541
350: 257, 302, 300, 344, 318
351: 461, 89, 466, 288, 289
352: 288, 299, 349, 291, 461
353: 701, 291, 302, 299, 67
354: 333, 302, 306, 161, 344
355: 498, 333, 295, 701, 306
356: 816, 1188, 2850, 2210, 1180
357: 173, 511, 1089, 199, 190
358: 154, 229, 190, 207, 81
359: 997, 51, 599, 1892, 99
360: 930, 1104, 378, 599, 6401
361: 300, 306, 344, 293, 325
362: 533, 333, 220, 89, 300
363: 230, 377, 917, 220, 209
364: 439, 429, 533, 735, 599
365: 748, 238, 63, 418, 13317
366: 964, 603, 159, 440, 199
367: 230, 486, 229, 89, 1043
368: 2542, 604, 154, 199, 433
369: 154, 190, 228, 227, 298
370: 429, 229, 227, 190, 65
371: 1072, 67, 187, 1061, 3833
372: 1854, 486, 497, 2843, 537
375: 466, 292, 333, 701, 55
376: 917, 1360, 706, 1372, 2342
377: 707, 957, 1358, 930, 843
378: 707, 1369, 868, 511, 1372
380: 349, 292, 55, 294, 300
382: 331, 1613, 278, 267, 1605
383: 300, 89, 298, 344, 306
385: 289, 292, 701, 295, 324
386: 220, 227, 234, 706, 1412
387: 292, 257, 89, 55, 295
388: 1339, 707, 1672, 917, 966
390: 288, 306, 352, 291, 298
391: 209, 1672, 816, 500, 808
392: 300, 295, 291, 466, 55
393: 163, 599, 154, 1412, 533
394: 227, 706, 220, 1249, 1241
395: 707, 1358, 923, 1044, 1527
396: 72, 1072, 1061, 1713, 89
397: 65, 1061, 1072, 59, 173
398: 424, 229, 173, 190, 228
399: 461, 325, 306, 543, 498
400: 461, 333, 679, 302, 498
401: 1249, 707, 227, 300, 1672
402: 1249, 707, 163, 918, 868
403: 333, 292, 701, 306, 544
404: 498, 486, 488, 1246, 540
405: 292, 288, 306, 314, 302
406: 152, 154, 854, 917, 436
407: 72, 154, 1001, 56, 511
408: 154, 229, 220, 190, 424
409: 288, 295, 289, 466, 300
410: 498, 466, 300, 324, 1201
411: 267, 288, 1455, 295, 8164
412: 288, 289, 333, 349, 291
413: 300, 89, 289, 701, 320
414: 300, 306, 89, 257, 701
415: 295, 461, 289, 325, 67
416: 81, 418, 159, 238, 6962
417: 288, 67, 257, 466, 352
418: 227, 190, 429, 228, 229
419: 292, 257, 67, 349, 466
420: 289, 292, 295, 89, 157
421: 67, 701, 349, 299, 310
423: 59, 998, 1001, 599, 157
424: 918, 1369, 614, 2379, 846
425: 291, 543, 679, 55, 458
426: 154, 1418, 65, 1098, 2668
427: 412, 498, 229, 687, 228
428: 51, 1019, 599, 1886, 98
430: 998, 1886, 187, 1001, 1892
431: 1090, 225, 173, 234, 1375
432: 412, 1180, 1246, 230, 493
433: 953, 707, 198, 2014, 821
434: 227, 154, 554, 959, 429
435: 816, 1180, 537, 412, 808
436: 227, 163, 157, 159, 1249
437: 292, 300, 686, 349, 295
438: 1203, 1292, 1295, 153, 49
439: 331, 330, 6621, 2226, 2924
440: 199, 154, 418, 429, 433
441: 207, 154, 199, 1090, 203
442: 154, 59, 65, 173, 51
443: 1412, 562, 1369, 707, 17980
444: 1534, 631, 154, 72, 11105
446: 159, 75, 65, 533, 1075
447: 748, 603, 418, 2673, 9356
449: 227, 706, 1360, 1358, 1249
450: 1412, 868, 735, 2343, 1639
451: 466, 292, 325, 299, 528
452: 59, 993, 193, 99, 1892
453: 533, 207, 72, 228, 425
454: 159, 599, 1886, 30, 3530
455: 72, 154, 487, 1295, 1131
456: 300, 289, 461, 292, 701
457: 917, 928, 843, 841, 1350
458: 89, 300, 289, 377, 302
459: 732, 1360, 951, 4165, 841
460: 81, 227, 173, 237, 65
461: 533, 227, 190, 154, 89
462: 163, 533, 1239, 212, 199
463: 518, 67, 295, 498, 4918
464: 227, 228, 207, 1048, 203
465: 227, 228, 429, 173, 1106
466: 288, 701, 295, 318, 498
467: 227, 228, 917, 67, 11133
468: 227, 154, 511, 190, 229
469: 841, 503, 918, 1358, 198
470: 701, 466, 292, 302, 299
471: 562, 234, 1426, 436, 554
472: 289, 292, 701, 302, 89
473: 333, 291, 300, 466, 310
474: 1713, 89, 1379, 1072, 328
475: 190, 154, 1090, 217, 709
476: 227, 207, 65, 199, 220
477: 300, 55, 291, 352, 544
478: 1186, 230, 220, 706, 4845
479: 300, 295, 289, 333, 157
480: 997, 51, 1892, 999, 68
481: 466, 89, 288, 300, 333
482: 65, 679, 298, 533, 207
484: 1104, 70, 229, 154, 1713
485: 632, 163, 441, 227, 614
486: 466, 288, 461, 299, 298
487: 89, 461, 288, 289, 325
488: 533, 228, 190, 65, 709
489: 1412, 1369, 1249, 857, 917
490: 300, 190, 227, 65, 229
491: 917, 918, 163, 1274, 1525
492: 163, 154, 706, 599, 1249
493: 154, 1061, 173, 153, 227
494: 466, 291, 300, 288, 302
495: 89, 466, 288, 461, 67
496: 81, 154, 1713, 1104, 72
497: 292, 333, 344, 349, 686
498: 67, 289, 294, 333, 701
499: 707, 173, 1249, 959, 159
500: 2668, 756, 2671, 772, 778
501: 288, 306, 300, 498, 299
502: 291, 89, 67, 701, 333
503: 67, 461, 333, 466, 325
504: 461, 289, 498, 704, 701
506: 154, 32, 72, 1300, 1098
507: 229, 65, 190, 707, 154
508: 227, 65, 533, 610, 17349
509: 500, 830, 1145, 1854, 209
510: 89, 289, 67, 292, 257
511: 227, 207, 234, 225, 203
512: 377, 198, 190, 1104, 488
513: 1090, 190, 227, 154, 424
514: 292, 289, 295, 325, 498
515: 227, 199, 190, 429, 709
516: 498, 333, 289, 1104, 288
517: 440, 199, 227, 418, 206
518: 299, 543, 302, 686, 528
519: 1358, 1369, 707, 724, 841
520: 1713, 67, 154, 65, 75
521: 540, 1043, 412, 1180, 481
523: 868, 154, 562, 207, 217
525: 1180, 377, 333, 779, 412
526: 377, 706, 918, 1412, 230
527: 300, 333, 306, 701, 352
529: 227, 1412, 1372, 1369, 3774
530: 229, 89, 190, 154, 298
531: 466, 333, 318, 498, 349
532: 1043, 816, 537, 1180, 209
533: 289, 292, 55, 89, 2390
534: 89, 288, 701, 461, 257
535: 289, 333, 291, 300, 288
536: 67, 295, 300, 306, 349
537: 461, 295, 299, 302, 528
538: 344, 543, 67, 257, 349
539: 187, 59, 173, 190, 154
540: 159, 51, 993, 1001, 187
541: 227, 959, 234, 1413, 1426
542: 292, 288, 67, 466, 300
543: 207, 226, 424, 429, 969
544: 190, 418, 154, 182, 228
545: 292, 65, 300, 230, 1854
546: 707, 1360, 1364, 1274, 1412
547: 868, 562, 614, 707, 234
548: 917, 1358, 1260, 1369, 923
549: 706, 1412, 735, 868, 1372
550: 918, 1372, 1249, 954, 163
551: 300, 333, 292, 289, 377
552: 603, 930, 198, 378, 12840
553: 89, 466, 55, 333, 701
555: 466, 352, 299, 306, 349
556: 154, 207, 89, 227, 190
557: 9, 1295, 930, 18, 487
558: 289, 67, 55, 292, 295
559: 1412, 207, 562, 1244, 154
560: 159, 154, 173, 511, 599
561: 257, 288, 314, 279, 3318
562: 1459, 2454, 3583, 2449, 2457
563: 2864, 2842, 11885, 1639, 227
565: 59, 51, 154, 441, 1001
566: 868, 436, 163, 1412, 1321
567: 154, 207, 709, 425, 1424
568: 227, 1122, 998, 229, 157
569: 333, 498, 291, 310, 475
570: 89, 466, 2179, 302, 6619
571: 288, 55, 300, 302, 291
572: 300, 306, 299, 333, 349
573: 475, 295, 288, 257, 267
574: 412, 1672, 1246, 378, 1513
575: 1072, 65, 190, 1379, 153
576: 72, 227, 599, 67, 1818
577: 1713, 65, 173, 511, 99
578: 333, 288, 289, 89, 679
579: 917, 918, 1527, 198, 2379
580: 1131, 412, 1118, 707, 4835
581: 257, 349, 291, 701, 300
582: 1541, 825, 779, 830, 2586
583: 209, 377, 1672, 500, 1185
584: 289, 461, 257, 295, 89
585: 229, 154, 1090, 228, 89
586: 841, 2749, 47, 917, 18727
587: 707, 1145, 1044, 808, 846
589: 289, 288, 333, 498, 306
590: 295, 701, 333, 344, 292
592: 198, 289, 89, 300, 306
593: 89, 325, 289, 295, 679
594: 1412, 412, 1672, 377, 868
595: 1360, 706, 2342, 1342, 1372
596: 59, 51, 998, 997, 159
598: 701, 461, 291, 302, 306
601: 163, 506, 1109, 154, 17984
602: 920, 917, 957, 188, 1541
603: 207, 154, 1048, 173, 533
604: 257, 55, 320, 701, 300
605: 709, 190, 203, 228, 65
606: 227, 163, 533, 868, 234
607: 12, 1260, 2765, 2772, 8320
608: 227, 1412, 1369, 735, 15816
609: 89, 466, 302, 701, 344
611: 64, 72, 229, 154, 1001
612: 295, 67, 292, 300, 298
613: 227, 163, 735, 154, 65
614: 498, 486, 377, 1672, 982
616: 1360, 1358, 1369, 1257, 198
617: 89, 289, 332, 306, 300
618: 424, 4821, 13854, 3053, 16195
619: 225, 424, 154, 1048, 173
620: 701, 295, 461, 466, 55
621: 325, 67, 333, 461, 466
622: 533, 190, 88, 65, 199
623: 163, 1412, 607, 188, 562
624: 511, 227, 190, 234, 65
625: 429, 154, 199, 433, 1098
627: 707, 843, 923, 841, 957
628: 1090, 228, 227, 429, 439
629: 424, 709, 190, 229, 1766
631: 154, 65, 220, 735, 428
632: 289, 300, 55, 701, 908
633: 412, 333, 227, 229, 198
634: 288, 289, 466, 461, 679
635: 154, 436, 163, 533, 234
636: 89, 300, 333, 285, 325
637: 706, 1412, 227, 1249, 707
638: 289, 89, 67, 466, 293
639: 89, 65, 306, 288, 16735
640: 1372, 1369, 707, 2346, 607
641: 498, 412, 486, 89, 378
642: 728, 2842, 11885, 2901, 868
643: 72, 227, 59, 190, 228
644: 207, 533, 173, 418, 225
645: 67, 257, 295, 1098, 7855
646: 466, 292, 306, 352, 528
647: 154, 533, 207, 1424, 441
649: 841, 188, 821, 923, 928
650: 65, 1075, 154, 173, 1072
651: 292, 289, 525, 306, 300
652: 198, 707, 978, 917, 1104
654: 163, 377, 378, 154, 707
655: 289, 89, 257, 292, 306
656: 51, 59, 1001, 511, 993
657: 498, 229, 72, 1090, 173
658: 59, 190, 1014, 1073, 173
659: 89, 288, 55, 295, 302
660: 289, 295, 55, 89, 4769
661: 2312, 163, 506, 1109, 8230
662: 288, 498, 289, 190, 89
663: 5089, 375, 89, 2094, 288
664: 199, 227, 1098, 225, 217
665: 159, 190, 187, 153, 157
666: 599, 173, 429, 59, 1083
667: 333, 461, 318, 299, 686
668: 234, 227, 966, 198, 511
669: 292, 306, 701, 289, 295
670: 190, 89, 227, 220, 689
671: 300, 288, 295, 466, 461
672: 779, 498, 377, 209, 1180
673: 220, 533, 234, 230, 498
674: 295, 89, 466, 333, 344
675: 288, 292, 333, 525, 302
676: 1412, 234, 1360, 163, 918
677: 1358, 841, 1369, 918, 706
678: 220, 982, 163, 1412, 1513
679: 289, 288, 701, 55, 298
680: 289, 295, 701, 333, 302
681: 190, 377, 966, 412, 89
682: 701, 292, 325, 544, 302
683: 998, 187, 193, 999, 1891
684: 89, 701, 299, 333, 257
685: 706, 234, 1360, 735, 917
686: 187, 59, 67, 75, 153
687: 227, 159, 1412, 163, 1369
688: 217, 300, 154, 1246, 333
689: 295, 289, 299, 302, 291
690: 295, 302, 349, 318, 325
691: 300, 302, 461, 67, 291
692: 733, 735, 67, 959, 1244
693: 154, 227, 65, 190, 618
694: 599, 429, 1014, 441, 159
695: 616, 511, 744, 227, 10202
696: 1369, 163, 706, 2343, 732
697: 603, 2668, 444, 756, 5327
698: 289, 302, 55, 310, 89
699: 599, 59, 163, 1001, 959
700: 89, 300, 466, 292, 302
701: 67, 289, 349, 302, 55
702: 288, 300, 701, 349, 291
703: 701, 292, 89, 686, 302
704: 288, 306, 295, 527, 6627
705: 288, 289, 295, 67, 461
706: 1131, 1672, 917, 953, 1099
707: 291, 333, 300, 701, 17215
708: 163, 1412, 707, 220, 10673
709: 706, 707, 1360, 1412, 951
710: 429, 227, 173, 220, 203
711: 1249, 176, 732, 918, 1358
712: 533, 229, 65, 154, 14359
713: 299, 289, 294, 291, 320
714: 72, 599, 59, 1083, 1001
715: 1412, 706, 918, 1360, 707
716: 816, 1188, 1180, 500, 1185
717: 288, 300, 461, 701, 295
718: 425, 227, 603, 65, 225
719: 1412, 959, 2343, 2342, 917
720: 706, 1369, 562, 917, 1372
721: 154, 227, 199, 222, 440
722: 289, 318, 333, 291, 498
723: 295, 291, 292, 257, 306
725: 154, 227, 1412, 238, 1098
726: 2102, 89, 67, 289, 292
727: 227, 163, 154, 735, 9834
728: 190, 441, 154, 59, 203
729: 1300, 72, 227, 190, 154
730: 288, 466, 701, 291, 306
731: 198, 918, 1369, 843, 707
732: 300, 306, 461, 325, 302
733: 300, 461, 344, 687, 229
734: 65, 429, 228, 207, 229
735: 163, 1369, 1358, 2342, 227
736: 306, 330, 289, 466, 89
737: 163, 159, 436, 190, 868
738: 841, 1372, 868, 959, 843
739: 289, 701, 89, 67, 292
741: 498, 230, 486, 412, 1246
742: 289, 89, 288, 295, 548
743: 288, 289, 333, 292, 300
744: 300, 292, 461, 333, 344
745: 55, 292, 67, 89, 1579
746: 497, 1854, 808, 377, 1145
747: 779, 1180, 498, 537, 2210
749: 295, 291, 701, 333, 344
750: 154, 190, 173, 614, 159
751: 1186, 497, 190, 540, 517
752: 805, 1541, 779, 1188, 1853
753: 706, 707, 2343, 163, 952
754: 163, 511, 1412, 533, 212
756: 173, 424, 533, 969, 226
757: 300, 306, 67, 328, 349
758: 89, 173, 377, 229, 182
759: 190, 229, 689, 65, 424
760: 230, 65, 982, 486, 439
761: 993, 998, 1001, 1892, 98
762: 72, 159, 67, 153, 880
763: 498, 1180, 1672, 2956, 1874
764: 227, 163, 1412, 735, 599
765: 154, 433, 2535, 231, 3691
767: 72, 159, 1379, 67, 59
768: 288, 498, 89, 300, 292
769: 154, 229, 65, 190, 228
770: 300, 288, 299, 466, 257
771: 1613, 475, 2179, 2916, 271
772: 917, 2343, 732, 707, 706
773: 1412, 233, 1974, 982, 959
776: 198, 779, 1044, 377, 839
777: 59, 89, 153, 1001, 1014
778: 295, 333, 299, 302, 461
779: 72, 959, 55, 1713, 1412
780: 55, 701, 289, 2083, 67
781: 288, 461, 291, 498, 352
782: 748, 154, 616, 238, 744
784: 622, 429, 418, 433, 3693
785: 207, 163, 533, 203, 190
786: 190, 72, 229, 779, 377
787: 498, 209, 230, 333, 228
788: 511, 227, 735, 959, 193
789: 292, 288, 89, 289, 207
790: 300, 89, 461, 333, 466
791: 1090, 190, 154, 429, 227
792: 498, 497, 1044, 1406, 930
793: 295, 701, 302, 525, 299
794: 234, 203, 65, 982, 190
795: 288, 306, 295, 299, 291
797: 288, 289, 701, 295, 466
798: 841, 707, 917, 918, 12
799: 72, 599, 159, 429, 3201
800: 918, 707, 1358, 1412, 1372
801: 67, 55, 227, 289, 1847
802: 59, 72, 1001, 1713, 880
804: 295, 89, 55, 318, 302
805: 2677, 2668, 533, 603, 190
806: 67, 173, 154, 701, 72
807: 89, 2094, 1857, 2086, 9089
808: 289, 89, 295, 310, 302
809: 292, 289, 701, 302, 498
810: 190, 300, 230, 163, 2321
812: 813, 2379, 503, 917, 816
813: 173, 1424, 207, 70, 190
814: 466, 289, 295, 344, 686
815: 498, 299, 461, 67, 257
816: 288, 67, 299, 498, 333
817: 190, 229, 227, 65, 228
818: 227, 424, 533, 228, 540
819: 257, 306, 318, 302, 461
820: 227, 1414, 1416, 2624, 13928
821: 207, 227, 511, 716, 229
822: 331, 2923, 249, 1613, 1963
823: 486, 190, 230, 412, 808
824: 227, 207, 424, 1090, 441
825: 903, 65, 1239, 228, 229
826: 288, 292, 498, 295, 701
827: 706, 1412, 917, 1369, 1358
828: 1412, 1360, 706, 917, 707
829: 199, 225, 227, 190, 65
830: 292, 349, 464, 686, 544
831: 159, 72, 227, 187, 163
832: 707, 957, 163, 843, 176
834: 498, 1513, 198, 190, 1645
835: 1249, 1412, 959, 1369, 918
836: 295, 288, 89, 300, 289
837: 418, 772, 154, 744, 2673
838: 53, 81, 444, 65, 190
839: 498, 808, 503, 1672, 378
840: 436, 1412, 227, 706, 959
841: 412, 966, 488, 540, 209
842: 249, 1640, 1620, 3227, 1948
843: 1186, 227, 4184, 198, 4198
844: 498, 466, 377, 486, 1045
845: 1369, 163, 1527, 953, 1360
846: 230, 227, 1513, 1504, 2482
847: 89, 292, 300, 295, 306
848: 154, 418, 196, 3693, 1964
849: 225, 533, 425, 173, 1048
850: 187, 59, 998, 51, 75
851: 466, 306, 300, 257, 701
852: 300, 302, 461, 701, 344
853: 289, 299, 288, 295, 67
854: 816, 823, 843, 813, 829
855: 229, 227, 533, 173, 424
856: 227, 226, 190, 203, 65
858: 302, 257, 349, 291, 161
859: 67, 292, 349, 289, 72
860: 163, 1119, 227, 233, 9447
861: 288, 333, 291, 302, 89
862: 292, 686, 302, 679, 306
863: 689, 220, 203, 709, 225
864: 229, 217, 1090, 298, 173
865: 1412, 732, 918, 1360, 163
868: 486, 289, 377, 378, 8779
869: 198, 1358, 503, 841, 843
870: 498, 707, 65, 982, 917
871: 154, 190, 163, 1369, 229
873: 55, 466, 318, 701, 333
874: 9, 450, 72, 1104, 229
875: 461, 302, 257, 55, 291
876: 429, 1534, 851, 859, 1814
877: 1527, 706, 918, 707, 1356
878: 306, 344, 543, 257, 528
881: 229, 227, 498, 228, 439
882: 292, 306, 67, 333, 349
884: 89, 306, 498, 257, 686
885: 461, 291, 302, 288, 344
886: 302, 289, 288, 300, 333
887: 227, 506, 154, 920, 917
888: 377, 190, 498, 72, 70
889: 429, 599, 203, 709, 1098
890: 1249, 706, 917, 176, 1358
891: 517, 1044, 377, 917, 843
893: 70, 377, 190, 154, 17553
895: 227, 959, 1426, 614, 706
896: 190, 412, 377, 1180, 209
897: 227, 1372, 1369, 707, 868
898: 302, 300, 701, 466, 291
899: 209, 230, 470, 412, 6601
900: 2094, 89, 3324, 2086, 388
903: 917, 377, 918, 841, 815
904: 89, 229, 154, 300, 230
905: 302, 300, 257, 352, 543
906: 288, 292, 289, 300, 498
907: 868, 1369, 959, 1372, 1426
908: 72, 9, 1714, 1303, 3197
909: 498, 288, 291, 333, 300
910: 67, 257, 306, 300, 701
911: 300, 302, 466, 701, 291
912: 1369, 917, 951, 176, 227
913: 229, 1048, 1090, 227, 228
914: 487, 1300, 824, 4162, 821
915: 227, 65, 229, 154, 424
916: 344, 302, 306, 461, 701
917: 227, 190, 207, 225, 425
919: 190, 173, 229, 424, 1106
920: 498, 1246, 1180, 486, 779
921: 1613, 267, 2252, 331, 276
922: 81, 418, 64, 53, 190
924: 288, 292, 295, 332, 11080
925: 190, 65, 436, 220, 81
926: 9, 487, 1300, 13, 6982
927: 190, 377, 1672, 707, 846
928: 603, 772, 748, 2605, 1745
929: 706, 1672, 918, 917, 190
930: 466, 306, 292, 288, 325
931: 1358, 918, 1364, 1360, 1369
932: 72, 67, 157, 511, 59
933: 229, 227, 190, 533, 709
934: 154, 163, 1412, 1119, 615
935: 32, 1298, 1312, 1203, 1304
936: 2677, 1969, 1835, 444, 1965
938: 288, 292, 333, 300, 701
939: 808, 537, 536, 377, 1853
940: 599, 851, 234, 65, 229
941: 288, 300, 466, 498, 229
942: 292, 289, 300, 67, 701
943: 228, 190, 163, 65, 154
946: 687, 1246, 464, 333, 209
948: 227, 418, 207, 65, 225
949: 498, 2850, 1181, 377, 2214
950: 1369, 707, 2343, 1358, 706
951: 72, 1292, 32, 9, 1298
952: 288, 292, 333, 55, 300
953: 289, 292, 701, 498, 328
954: 154, 1713, 159, 1075, 238
955: 89, 7, 289, 229, 17280
957: 331, 2226, 330, 2252, 6627
958: 289, 300, 89, 461, 292
959: 72, 1014, 193, 1892, 157
960: 190, 306, 328, 466, 295
961: 429, 225, 65, 412, 618
962: 4784, 163, 4675, 959, 868
963: 289, 288, 466, 292, 300
964: 333, 324, 481, 486, 228
965: 288, 333, 302, 306, 701
966: 89, 291, 461, 257, 328
967: 498, 500, 227, 439, 1672
968: 154, 418, 225, 441, 533
969: 89, 295, 461, 288, 306
971: 481, 533, 89, 300, 190
972: 1418, 6048, 1504, 81, 2542
975: 89, 230, 289, 288, 302
976: 1249, 706, 959, 707, 234
977: 533, 709, 207, 173, 1412
978: 163, 227, 918, 936, 2172
979: 234, 2346, 198, 220, 917
980: 154, 706, 63, 5348, 3863
981: 4262, 412, 622, 65, 1375
982: 190, 89, 289, 300, 689
984: 292, 701, 299, 544, 461
985: 288, 257, 291, 289, 333
986: 808, 209, 707, 190, 486
987: 461, 306, 543, 701, 67
989: 227, 207, 229, 190, 199
990: 199, 81, 533, 190, 159
991: 707, 436, 1369, 868, 220
993: 1418, 418, 632, 4086, 16439
994: 173, 72, 65, 154, 67
995: 701, 288, 292, 306, 302
996: 613, 154, 227, 2312, 604
997: 227, 859, 440, 199, 65
998: 292, 295, 325, 466, 302
999: 190, 89, 300, 229, 228
1001: 461, 300, 295, 344, 257
1002: 89, 67, 292, 289, 285
1003: 227, 59, 292, 295, 288
1004: 227, 154, 599, 562, 618
1005: 267, 475, 154, 868, 3227
1006: 288, 302, 292, 89, 190
1007: 3583, 289, 344, 360, 3585
1008: 154, 603, 227, 234, 229
1009: 209, 228, 65, 403, 1672
1010: 1001, 187, 599, 993, 159
1011: 300, 89, 481, 289, 1043
1012: 154, 229, 207, 198, 89
1014: 288, 292, 289, 89, 295
1015: 229, 154, 227, 288, 89
1016: 217, 199, 154, 440, 65
1017: 333, 300, 302, 349, 523
1018: 15, 1281, 917, 923, 812
1019: 207, 190, 424, 533, 220
1020: 289, 89, 1246, 288, 486
1021: 227, 533, 1639, 733, 1249
1022: 289, 288, 67, 466, 461
1023: 292, 701, 461, 291, 528
1024: 1044, 488, 1104, 966, 230
1025: 163, 562, 1369, 735, 707
1026: 930, 1044, 917, 377, 504
1027: 295, 300, 349, 299, 302
1028: 333, 289, 536, 288, 291
1029: 511, 227, 190, 1013, 998
1030: 198, 813, 2744, 2379, 14837
1032: 2855, 2896, 1412, 212, 580
1033: 89, 302, 295, 292, 288
1034: 288, 89, 701, 295, 289
1035: 1504, 3280, 441, 599, 159
1036: 511, 221, 212, 228, 65
1037: 2894, 735, 2855, 7056, 581
1038: 59, 1001, 599, 1014, 1892
1039: 288, 300, 306, 292, 331
1040: 1672, 816, 537, 493, 486
1041: 378, 198, 917, 230, 229
1042: 288, 333, 306, 325, 299
1044: 1119, 2493, 859, 163, 12326
1046: 289, 333, 306, 686, 349
1047: 217, 429, 1239, 190, 2531
1049: 154, 533, 229, 163, 65
1050: 3693, 429, 2535, 217, 222
1051: 1249, 163, 230, 917, 227
1052: 154, 229, 207, 190, 533
1053: 295, 701, 306, 466, 328
1054: 81, 1098, 65, 3411, 2277
1055: 1852, 1470, 300, 65, 12948
1056: 300, 701, 89, 325, 306
1057: 299, 461, 291, 686, 349
1058: 300, 466, 498, 701, 333
1060: 154, 436, 227, 1974, 233
1061: 8111, 1639, 7056, 583, 2901
1062: 154, 227, 159, 163, 857
1063: 154, 429, 65, 424, 207
1064: 1412, 917, 1369, 1360, 1803
1065: 289, 257, 55, 320, 701
1067: 229, 173, 599, 65, 511
1068: 230, 1513, 227, 1974, 377
1069: 295, 288, 701, 302, 306
1070: 1246, 377, 540, 481, 190
1071: 333, 701, 466, 325, 298
1072: 292, 302, 318, 466, 498
1073: 599, 1412, 163, 868, 7056
1074: 59, 1122, 1001, 874, 997
1075: 190, 424, 429, 425, 225
1076: 1613, 617, 278, 1620, 276
1078: 2343, 1249, 918, 732, 707
1079: 1180, 536, 500, 486, 190
1080: 461, 302, 466, 333, 55
1081: 154, 533, 439, 203, 969
1082: 289, 298, 1400, 375, 300
1083: 190, 498, 228, 412, 377
1084: 424, 53, 227, 228, 229
1085: 154, 748, 53, 440, 6756
1086: 289, 89, 300, 288, 735
1087: 229, 154, 190, 533, 65
1088: 536, 209, 377, 486, 687
1089: 72, 1072, 3988, 154, 75
1090: 227, 12243, 269, 262, 13544
1091: 966, 89, 497, 333, 1854
1092: 466, 349, 306, 300, 333
1093: 917, 707, 918, 920, 953
1094: 154, 533, 229, 190, 207
1097: 333, 89, 257, 292, 302
1098: 154, 1098, 65, 238, 159
1099: 65, 193, 599, 1072, 51
1100: 1369, 163, 1504, 226, 11967
1101: 744, 756, 2668, 1098, 4865
1102: 295, 67, 292, 352, 306
1103: 65, 72, 190, 159, 154
1104: 288, 89, 349, 300, 302
1106: 288, 292, 333, 257, 67
1107: 1044, 500, 488, 978, 377
1108: 603, 748, 616, 154, 2668
1109: 292, 318, 299, 257, 300
1110: 917, 198, 190, 1358, 503
1111: 1185, 209, 540, 2850, 4774
1112: 154, 418, 190, 1131, 5211
1113: 67, 306, 300, 317, 55
1114: 229, 154, 498, 89, 227
1115: 72, 997, 1001, 193, 1014
1116: 257, 468, 913, 279, 11075
1118: 173, 234, 209, 816, 2383
1119: 300, 289, 466, 288, 89
1120: 288, 257, 289, 294, 333
1121: 230, 533, 190, 333, 12439
1122: 300, 292, 295, 701, 681
1123: 429, 159, 441, 3616, 433
1124: 302, 701, 291, 325, 306
1125: 1203, 72, 32, 9, 4873
1126: 498, 918, 1249, 1044, 234
1128: 288, 89, 292, 466, 681
1130: 229, 207, 424, 1400, 159
1131: 344, 466, 325, 302, 701
1132: 288, 289, 302, 299, 466
1133: 229, 709, 228, 533, 1400
1134: 89, 230, 229, 220, 227
1135: 300, 333, 289, 461, 325
1136: 300, 701, 292, 67, 528
1137: 89, 257, 300, 310, 157
1138: 190, 1412, 854, 964, 707
1139: 292, 300, 333, 466, 291
1140: 227, 429, 4079, 203, 1106
1143: 289, 306, 288, 295, 302
1144: 868, 2896, 565, 1639, 227
1145: 300, 701, 461, 299, 302
1146: 288, 89, 333, 292, 295
1147: 917, 930, 707, 918, 936
1148: 599, 1013, 997, 993, 51
1149: 72, 159, 441, 1534, 163
1150: 288, 333, 89, 679, 3588
1151: 498, 371, 8724, 333, 12034
1152: 227, 429, 190, 203, 163
1153: 154, 220, 1090, 511, 89
1154: 163, 238, 63, 72, 5327
1155: 154, 757, 331, 748, 1948
1156: 173, 225, 969, 207, 203
1157: 498, 377, 209, 371, 978
1158: 1672, 808, 537, 1188, 1145
1159: 841, 1369, 198, 154, 1527
1160: 536, 537, 1246, 377, 500
1161: 289, 288, 333, 295, 1910
1163: 72, 1001, 187, 1379, 511
1164: 1072, 67, 59, 89, 58
1165: 190, 424, 157, 207, 203
1166: 511, 1713, 65, 229, 7981
1167: 603, 154, 238, 418, 3520
1170: 207, 229, 190, 533, 1400
1171: 349, 300, 291, 161, 701
1172: 957, 188, 937, 923, 518
1173: 159, 229, 533, 1072, 187
1174: 918, 1412, 1810, 1360, 176
1176: 497, 498, 493, 978, 810
1177: 499, 498, 1725, 333, 4747
1178: 288, 89, 295, 67, 498
1179: 302, 67, 349, 498, 333
1180: 288, 289, 292, 257, 291
1181: 3280, 159, 441, 1534, 1083
1182: 748, 756, 2673, 238, 2668
1183: 498, 779, 209, 1188, 1672
1184: 349, 466, 300, 257, 301
1185: 288, 55, 89, 292, 229
1186: 55, 461, 306, 299, 257
1187: 212, 154, 859, 418, 599
1188: 292, 689, 466, 58, 67
1189: 300, 344, 257, 498, 291
1190: 207, 1398, 190, 65, 53
1191: 868, 533, 2346, 159, 511
1192: 868, 707, 1412, 917, 154
1193: 234, 163, 220, 230, 13016
1194: 173, 81, 72, 159, 190
1195: 440, 757, 199, 418, 748
1196: 377, 378, 1873, 533, 706
1197: 300, 701, 466, 295, 352
1198: 701, 295, 498, 55, 302
1199: 212, 199, 190, 562, 511
1200: 228, 982, 229, 230, 65
1202: 72, 997, 193, 1892, 993
1204: 418, 2673, 1943, 744, 163
1205: 440, 418, 154, 3411, 6215
1206: 1412, 1249, 1360, 735, 163
1207: 163, 707, 959, 227, 1412
1209: 59, 997, 193, 999, 1001
1210: 51, 997, 100, 99, 1019
1211: 159, 51, 429, 3280, 441
1212: 207, 511, 228, 190, 424
1213: 1072, 59, 159, 1001, 16624
1214: 198, 917, 2379, 841, 978
1215: 89, 302, 289, 295, 903
1216: 540, 481, 537, 377, 536
1217: 217, 154, 615, 195, 423
1219: 228, 154, 1048, 1090, 89
1220: 89, 154, 190, 1098, 55
1221: 1513, 159, 1645, 4194, 16883
1222: 288, 55, 257, 294, 306
1223: 511, 599, 220, 1122, 959
1224: 562, 227, 583, 959, 8808
1225: 1072, 59, 154, 75, 1001
1226: 295, 302, 291, 349, 544
1228: 1369, 868, 227, 190, 917
1229: 292, 89, 302, 289, 55
1230: 81, 154, 238, 748, 3216
1231: 1369, 163, 227, 707, 1358
1232: 72, 3201, 1013, 1001, 997
1233: 295, 292, 306, 466, 679
1234: 67, 89, 295, 292, 701
1235: 227, 154, 486, 72, 190
1236: 190, 498, 707, 854, 198
1237: 1090, 190, 229, 429, 65
1238: 533, 190, 599, 207, 65
1239: 154, 190, 234, 207, 229
1240: 2542, 964, 533, 429, 190
1242: 707, 1369, 234, 562, 227
1243: 226, 707, 227, 233, 220
1244: 429, 203, 154, 72, 190
1245: 412, 536, 377, 190, 537
1246: 288, 89, 157, 295, 65
1247: 292, 306, 299, 302, 344
1248: 295, 288, 289, 300, 344
1249: 163, 599, 868, 1412, 706
1253: 288, 333, 306, 302, 67
1254: 163, 2312, 1412, 920, 227
1255: 207, 154, 424, 425, 67
1256: 227, 154, 412, 4262, 72
1258: 599, 227, 59, 154, 2531
1259: 377, 378, 540, 190, 493
1261: 227, 425, 703, 1090, 207
1262: 89, 292, 289, 295, 12230
1263: 257, 298, 302, 349, 333
1264: 227, 159, 868, 1244, 2346
1265: 429, 418, 227, 234, 159
1267: 377, 1672, 220, 1513, 227
1270: 498, 229, 540, 220, 190
1271: 163, 554, 1242, 599, 16317
1272: 333, 306, 461, 325, 295
1273: 190, 173, 234, 377, 1044
1274: 735, 2346, 959, 706, 917
1275: 154, 533, 207, 212, 228
1276: 154, 859, 227, 622, 17945
1277: 65, 228, 227, 207, 424
1278: 289, 461, 292, 349, 344
1279: 424, 173, 89, 228, 533
1280: 429, 227, 65, 511, 599
1281: 1116, 707, 234, 163, 190
1282: 89, 173, 1061, 1072, 511
1283: 300, 466, 461, 528, 908
1284: 603, 2668, 756, 2672, 2670
1286: 429, 228, 154, 159, 599
1287: 841, 821, 707, 198, 47
1288: 533, 190, 229, 89, 220
1289: 622, 199, 418, 757, 429
1290: 154, 65, 89, 229, 1424
1291: 289, 67, 89, 295, 292
1292: 333, 288, 498, 89, 289
1293: 377, 378, 486, 500, 808
1294: 288, 466, 299, 325, 295
1295: 154, 229, 190, 173, 65
1296: 370, 503, 918, 953, 10091
1298: 295, 291, 302, 306, 328
1299: 288, 466, 306, 295, 679
1300: 89, 325, 349, 298, 352
1301: 67, 525, 466, 333, 300
1302: 207, 225, 424, 429, 217
1303: 154, 424, 227, 428, 199
1304: 701, 295, 292, 325, 306
1305: 300, 302, 461, 299, 344
1308: 89, 67, 288, 300, 294
1309: 227, 234, 854, 1369, 562
1310: 288, 300, 292, 89, 291
1311: 314, 300, 295, 349, 306
1312: 1180, 1854, 1672, 488, 377
1313: 199, 154, 3258, 217, 618
1315: 603, 120, 101, 159, 10377
1316: 288, 466, 295, 701, 67
1318: 300, 89, 333, 302, 344
1319: 229, 1090, 220, 424, 89
1321: 227, 207, 707, 1412, 511
1322: 152, 163, 154, 506, 190
1323: 377, 536, 333, 1246, 540
1324: 918, 1369, 707, 1358, 8324
1325: 163, 233, 159, 1412, 13752
1327: 997, 998, 51, 193, 599
1329: 1048, 154, 207, 227, 1090
1330: 227, 233, 154, 163, 15775
1331: 227, 154, 190, 706, 868
1332: 292, 288, 257, 701, 352
1333: 154, 190, 207, 229, 439
1335: 603, 616, 2668, 744, 6162
1336: 154, 227, 65, 190, 1072
1337: 154, 227, 65, 439, 689
1339: 412, 182, 300, 89, 173
1340: 234, 841, 436, 220, 1645
1342: 868, 227, 735, 1369, 1372
1343: 1412, 868, 917, 1358, 2346
1345: 735, 1412, 163, 562, 599
1346: 300, 288, 89, 498, 461
1347: 728, 580, 581, 2842, 8111
1348: 292, 300, 466, 295, 302
1349: 65, 227, 207, 424, 229
1350: 1372, 1360, 234, 2343, 2347
1351: 701, 292, 295, 686, 679
1352: 234, 220, 227, 154, 846
1353: 816, 500, 209, 498, 493
1354: 229, 227, 533, 1090, 225
1355: 425, 199, 154, 424, 207
1356: 289, 318, 306, 344, 257
1357: 1244, 599, 562, 554, 581
1358: 917, 163, 154, 843, 3940
1360: 210, 225, 154, 440, 195
1362: 707, 220, 1369, 982, 735
1363: 412, 377, 493, 230, 816
1364: 735, 1412, 4251, 2786, 2894
1365: 289, 292, 299, 300, 349
1366: 288, 289, 701, 498, 333
1367: 289, 288, 299, 300, 1640
1368: 289, 466, 701, 461, 306
1369: 289, 292, 89, 681, 464
1371: 486, 65, 173, 492, 17323
1372: 533, 154, 228, 225, 969
1373: 227, 207, 173, 378, 11217
1374: 377, 198, 707, 966, 486
1375: 227, 154, 188, 706, 917
1376: 498, 209, 540, 377, 89
1377: 1181, 217, 507, 65, 540
1378: 154, 599, 511, 533, 735
1379: 333, 291, 292, 295, 288
1380: 377, 227, 190, 230, 1043
1381: 154, 1098, 190, 227, 207
1382: 1946, 617, 2921, 475, 527
1383: 229, 227, 225, 1098, 533
1384: 154, 190, 227, 207, 709
1385: 300, 288, 292, 466, 325
1386: 163, 2312, 154, 196, 9076
1387: 190, 1375, 288, 300, 229
1388: 333, 295, 292, 306, 461
1389: 154, 424, 1090, 228, 173
1390: 190, 229, 428, 225, 65
1393: 32, 153, 1303, 4871, 1066
1394: 701, 306, 333, 461, 679
1395: 1964, 622, 88, 418, 615
1396: 1412, 227, 952, 959, 843
1397: 917, 706, 1358, 1360, 1412
1398: 190, 1470, 486, 65, 498
1399: 289, 466, 686, 89, 306
1401: 295, 292, 257, 289, 89
1402: 1412, 735, 707, 562, 706
1403: 498, 227, 89, 481, 461
1404: 210, 217, 418, 433, 227
1405: 154, 3258, 225, 424, 622
1406: 207, 199, 210, 424, 229
1407: 207, 428, 298, 1515, 199
1408: 1613, 331, 89, 527, 6625
1410: 300, 344, 325, 498, 679
1411: 227, 735, 706, 1249, 511
1413: 461, 349, 320, 257, 352
1414: 486, 230, 378, 412, 229
1416: 424, 154, 207, 190, 709
1418: 300, 704, 288, 295, 686
1419: 498, 190, 65, 89, 472
1420: 439, 424, 190, 65, 229
1421: 154, 163, 159, 233, 715
1422: 154, 424, 533, 377, 229
1423: 461, 701, 306, 302, 349
1424: 424, 207, 229, 441, 1048
1425: 2521, 89, 1098, 289, 4704
1426: 227, 585, 718, 1513, 5382
1427: 59, 993, 999, 599, 100
1428: 707, 230, 227, 1412, 163
1429: 292, 288, 295, 701, 318
1430: 190, 533, 228, 207, 1090
1431: 295, 292, 306, 288, 300
1432: 154, 511, 65, 1713, 187
1433: 67, 288, 89, 701, 55
1434: 295, 300, 461, 302, 328
1435: 300, 67, 292, 349, 701
1437: 295, 701, 302, 333, 292
1438: 439, 207, 533, 225, 190
1439: 65, 1118, 533, 683, 225
1440: 295, 89, 333, 300, 3385
1441: 1090, 173, 190, 533, 228
1442: 198, 233, 377, 779, 1180
1443: 2346, 735, 227, 1369, 918
1444: 537, 333, 1041, 687, 209
1445: 289, 295, 89, 461, 291
1446: 498, 701, 289, 295, 679
1447: 701, 292, 302, 686, 344
1449: 735, 562, 1412, 868, 1369
1450: 498, 687, 230, 333, 412
1451: 288, 292, 333, 701, 89
1452: 300, 344, 89, 464, 466
1453: 292, 288, 300, 302, 257
1454: 51, 1014, 159, 1019, 993
1455: 701, 300, 294, 302, 325
1456: 154, 1001, 1090, 67, 229
1457: 89, 291, 333, 257, 349
1458: 292, 302, 318, 300, 701
1459: 506, 154, 2312, 227, 6945
1461: 300, 333, 686, 292, 701
1462: 300, 288, 292, 461, 544
1463: 59, 154, 1098, 3186, 84
1464: 517, 377, 154, 72, 16392
1465: 333, 289, 292, 89, 461
1466: 292, 325, 306, 310, 523
1467: 89, 295, 67, 300, 333
1469: 288, 701, 679, 292, 289
1470: 622, 429, 225, 444, 425
1471: 89, 289, 701, 67, 333
1472: 173, 1104, 378, 220, 163
1473: 89, 288, 344, 289, 461
1474: 748, 603, 2668, 756, 11205
1475: 292, 257, 295, 89, 288
1476: 679, 686, 701, 295, 292
1477: 72, 511, 14739, 154, 15799
1478: 344, 89, 289, 300, 333
1479: 816, 813, 825, 1541, 839
1480: 288, 227, 289, 300, 498
1481: 1048, 227, 65, 533, 1246
1483: 89, 230, 704, 288, 486
1484: 707, 517, 489, 1974, 10573
1485: 89, 292, 300, 295, 298
1486: 154, 227, 533, 1090, 173
1488: 707, 1358, 1360, 1369, 706
1489: 295, 349, 300, 89, 302
1490: 830, 707, 377, 1180, 804
1491: 190, 229, 65, 679, 227
1492: 289, 288, 67, 701, 544
1493: 198, 841, 503, 1672, 1533
1494: 89, 190, 154, 67, 533
1495: 418, 1423, 1418, 6759, 8680
1496: 511, 59, 173, 190, 159
1497: 163, 707, 607, 227, 4790
1498: 59, 997, 3201, 2938, 1886
1499: 5388, 497, 1854, 2902, 11768
1500: 173, 599, 159, 227, 4871
1501: 1541, 816, 815, 813, 1542
1502: 599, 173, 154, 65, 229
1503: 475, 230, 67, 300, 288
1504: 207, 53, 65, 424, 6047
1505: 190, 1713, 153, 998, 511
1506: 228, 207, 1090, 424, 65
1507: 1613, 2252, 2923, 331, 2918
1508: 709, 190, 439, 1090, 429
1509: 466, 289, 1043, 701, 704
1511: 288, 701, 466, 89, 55
1513: 154, 207, 65, 227, 203
1514: 1072, 99, 998, 1061, 159
1515: 289, 300, 292, 466, 306
1516: 289, 295, 292, 300, 466
1517: 292, 294, 289, 701, 89
1518: 154, 227, 203, 72, 1122
1519: 498, 89, 230, 227, 464
1520: 65, 228, 1400, 424, 969
1521: 89, 686, 302, 333, 325
1522: 207, 533, 220, 154, 89
1524: 533, 207, 229, 228, 709
1525: 299, 302, 295, 701, 344
1527: 424, 227, 1090, 154, 689
1528: 257, 288, 302, 498, 344
1530: 917, 234, 724, 735, 227
1531: 917, 1360, 707, 954, 1364
1532: 292, 306, 291, 466, 299
1533: 288, 701, 289, 292, 299
1534: 190, 154, 72, 377, 173
1535: 344, 300, 298, 679, 89
1536: 917, 1369, 707, 1364, 918
1537: 498, 89, 230, 288, 344
1538: 65, 1090, 207, 511, 709
1539: 229, 154, 89, 226, 65
1540: 289, 292, 67, 295, 466
1541: 187, 599, 997, 159, 157
1542: 533, 229, 436, 51, 159
1543: 918, 707, 163, 706, 13339
1544: 333, 288, 300, 306, 295
1545: 190, 207, 173, 982, 424
1546: 227, 424, 533, 199, 709
1547: 190, 1090, 154, 65, 228
1549: 228, 533, 154, 229, 225
1551: 1295, 72, 1983, 190, 1066
1552: 295, 289, 89, 306, 292
1553: 300, 89, 498, 292, 291
1554: 868, 959, 706, 212, 1372
1555: 299, 302, 466, 333, 294
1556: 370, 1131, 1110, 917, 2370
1557: 2691, 2671, 778, 154, 2688
1558: 333, 466, 704, 461, 292
1559: 498, 190, 65, 1048, 154
1560: 333, 461, 302, 349, 498
1562: 227, 533, 300, 190, 706
1563: 288, 295, 89, 292, 291
1564: 701, 461, 89, 333, 299
1565: 227, 533, 425, 206, 217
1566: 173, 1400, 439, 65, 203
1567: 89, 289, 288, 300, 333
1568: 466, 300, 306, 686, 679
1570: 89, 689, 289, 288, 292
1572: 55, 257, 306, 298, 314
1573: 154, 1048, 190, 228, 217
1574: 229, 190, 1412, 533, 227
1575: 163, 1415, 733, 234, 1426
1576: 67, 89, 288, 55, 157
1577: 289, 292, 295, 55, 299
1578: 302, 701, 325, 257, 333
1579: 229, 225, 190, 199, 709
1580: 292, 295, 289, 291, 299
1581: 154, 227, 190, 207, 229
1582: 65, 439, 227, 190, 217
1583: 229, 227, 190, 1090, 424
1584: 498, 209, 190, 378, 537
1585: 59, 187, 1001, 998, 997
1586: 706, 1372, 1412, 2343, 724
1587: 65, 190, 533, 72, 234
1588: 735, 734, 289, 2436, 3593
1589: 816, 813, 198, 843, 815
1590: 300, 257, 2521, 302, 352
1591: 288, 302, 67, 300, 320
1592: 227, 1412, 198, 614, 498
1593: 89, 306, 299, 349, 55
1594: 227, 533, 436, 709, 199
1595: 220, 533, 154, 733, 51
1596: 868, 707, 1639, 728, 1360
1597: 227, 207, 709, 190, 228
1599: 1181, 808, 1185, 2850, 1853
1600: 306, 701, 67, 461, 498
1601: 441, 227, 72, 2938, 3454
1604: 1104, 9, 72, 198, 3244
1605: 89, 292, 300, 67, 461
1606: 306, 89, 289, 295, 701
1607: 89, 466, 288, 300, 306
1608: 466, 306, 349, 291, 461
1613: 377, 497, 1854, 488, 403
1614: 300, 288, 333, 295, 289
1615: 228, 154, 533, 7, 498
1616: 292, 300, 89, 306, 157
1617: 562, 735, 212, 434, 3458
1618: 51, 72, 98, 1886, 159
1619: 707, 234, 726, 190, 917
1620: 154, 190, 229, 3411, 306
1621: 72, 58, 603, 9, 11116
1622: 227, 735, 1242, 562, 154
1623: 917, 154, 506, 163, 1131
1624: 217, 1400, 227, 757, 6217
1625: 67, 238, 69, 959, 18038
1626: 599, 190, 429, 735, 65
1627: 562, 1639, 212, 2346, 1360
1628: 466, 295, 328, 325, 344
1629: 533, 707, 1118, 227, 7
1630: 53, 154, 72, 65, 70
1632: 295, 333, 292, 701, 299
1633: 300, 310, 306, 257, 333
1635: 229, 207, 424, 203, 429
1636: 295, 289, 292, 461, 302
1637: 154, 229, 227, 429, 207
1638: 418, 154, 964, 163, 6159
1639: 1412, 868, 1372, 1249, 706
1640: 917, 707, 227, 2346, 220
1641: 51, 59, 72, 163, 67
1642: 67, 89, 1061, 99, 14753
1643: 72, 599, 511, 157, 193
1644: 1412, 735, 562, 227, 1372
1646: 288, 67, 55, 333, 302
1647: 295, 466, 289, 679, 686
1648: 292, 302, 461, 333, 352
1649: 289, 349, 461, 333, 67
1650: 154, 207, 163, 159, 857
1652: 288, 289, 306, 55, 701
1653: 1072, 59, 1713, 511, 154
1654: 599, 154, 159, 227, 6824
1655: 227, 917, 707, 1369, 226
1656: 154, 207, 229, 190, 89
1657: 603, 744, 154, 444, 616
1658: 300, 89, 288, 679, 289
1659: 288, 461, 291, 306, 349
1660: 707, 706, 1372, 227, 614
1661: 89, 300, 1246, 466, 533
1662: 292, 288, 295, 157, 331
1663: 289, 291, 302, 298, 293
1664: 333, 89, 230, 704, 1043
1665: 486, 966, 498, 65, 378
1666: 295, 288, 461, 302, 325
1667: 190, 229, 533, 173, 89
1669: 154, 190, 163, 377, 238
1670: 498, 486, 493, 978, 6254
1671: 1369, 1372, 917, 2342, 163
1672: 234, 225, 1090, 190, 429
1674: 300, 227, 498, 689, 333
1675: 466, 89, 300, 333, 344
1676: 190, 220, 154, 511, 173
1677: 333, 498, 7, 709, 4226
1678: 288, 344, 257, 544, 299
1679: 65, 173, 7, 89, 1295
1680: 154, 190, 418, 65, 533
1682: 498, 229, 230, 300, 533
1683: 424, 533, 228, 89, 1048
1684: 292, 306, 461, 67, 333
1685: 190, 229, 1090, 65, 533
1686: 306, 190, 533, 466, 333
1687: 466, 299, 318, 686, 325
1688: 425, 418, 58, 2521, 1424
1689: 418, 440, 1504, 441, 2139
1690: 55, 466, 292, 295, 306
1691: 190, 229, 225, 65, 709
1692: 300, 466, 229, 292, 55
1693: 466, 288, 302, 257, 531
1694: 475, 1455, 468, 328, 2923
1695: 424, 229, 1090, 225, 1048
1696: 1369, 1412, 2343, 706, 1358
1697: 1412, 418, 562, 706, 3161
1699: 292, 302, 300, 291, 67
1700: 227, 418, 1098, 238, 1418
1701: 217, 3616, 65, 622, 229
1702: 735, 163, 706, 2855, 1639
1703: 498, 230, 190, 706, 1044
1704: 289, 295, 67, 333, 288
1705: 207, 229, 154, 533, 1400
1706: 375, 64, 288, 1099, 2092
1707: 163, 227, 562, 1412, 599
1708: 229, 190, 72, 220, 225
1709: 1412, 735, 562, 599, 706
1710: 603, 748, 418, 444, 6990
1711: 154, 203, 533, 227, 159
1712: 614, 220, 227, 854, 706
1715: 67, 292, 701, 302, 466
1717: 302, 349, 89, 55, 333
1718: 289, 295, 292, 689, 288
1719: 154, 56, 65, 1099, 16442
1720: 234, 441, 412, 154, 4194
1721: 2902, 570, 5375, 227, 5392
1722: 292, 288, 289, 349, 525
1723: 418, 53, 154, 81, 11646
1724: 190, 154, 533, 1072, 969
1725: 292, 461, 333, 302, 55
1726: 466, 475, 349, 701, 333
1727: 154, 229, 173, 1090, 203
1728: 187, 441, 159, 153, 99
1729: 154, 190, 229, 207, 424
1730: 302, 679, 257, 352, 701
1732: 154, 616, 744, 772, 2668
1733: 503, 918, 1358, 706, 1249
1734: 300, 306, 67, 466, 301
1736: 295, 289, 300, 306, 291
1737: 190, 1104, 154, 173, 14689
1740: 1098, 227, 190, 210, 1099
1741: 154, 89, 229, 228, 1090
1742: 288, 461, 55, 344, 302
1743: 500, 687, 537, 377, 2621
1744: 229, 72, 51, 190, 599
1745: 498, 779, 2850, 412, 1100
1746: 190, 72, 227, 163, 1090
1747: 154, 238, 206, 429, 65
1748: 89, 289, 704, 302, 333
1749: 735, 1412, 562, 1249, 706
1751: 632, 2582, 11606, 154, 7665
1752: 89, 229, 228, 81, 64
1753: 289, 333, 55, 544, 1037
1754: 1358, 1412, 227, 152, 607
1755: 1098, 227, 735, 163, 3694
1757: 289, 300, 295, 466, 461
1759: 1044, 233, 173, 1116, 1145
1760: 707, 1412, 227, 190, 917
1761: 67, 154, 1844, 72, 1819
1762: 291, 349, 461, 299, 318
1764: 440, 196, 199, 3411, 418
1765: 295, 292, 466, 67, 229
1766: 89, 302, 299, 306, 318
1768: 89, 295, 686, 498, 300
1769: 292, 89, 344, 325, 686
1770: 154, 227, 190, 207, 1613
1771: 292, 289, 295, 701, 299
1772: 707, 190, 709, 227, 207
1773: 289, 306, 300, 295, 67
1774: 486, 504, 707, 190, 500
1775: 193, 1892, 61, 157, 3908
1776: 300, 686, 295, 701, 302
1777: 153, 1075, 30, 1072, 13202
1778: 207, 65, 190, 225, 709
1779: 188, 163, 917, 920, 16439
1780: 300, 295, 293, 318, 294
1781: 562, 163, 159, 599, 580
1782: 289, 300, 89, 292, 288
1783: 706, 959, 917, 735, 154
1784: 190, 228, 207, 227, 1043
1785: 533, 1090, 227, 65, 220
1786: 295, 306, 701, 67, 333
1787: 424, 65, 207, 1504, 220
1788: 289, 333, 461, 302, 681
1789: 418, 154, 622, 225, 618
1790: 67, 89, 288, 903, 295
1791: 288, 295, 302, 349, 89
1792: 1369, 728, 706, 2343, 1249
1793: 331, 468, 13303, 2179, 18646
1794: 498, 536, 486, 1672, 1190
1795: 67, 701, 349, 466, 294
1796: 227, 424, 190, 89, 300
1797: 154, 190, 207, 424, 533
1798: 72, 154, 1072, 159, 229
1799: 289, 67, 291, 302, 333
1800: 1072, 159, 187, 173, 8779
1801: 748, 772, 756, 616, 778
1802: 3616, 227, 1043, 687, 190
1803: 289, 466, 288, 461, 292
1804: 230, 229, 190, 65, 89
1805: 154, 1098, 81, 65, 199
1806: 190, 418, 424, 207, 65
1807: 6048, 162, 11611, 2573, 11612
1808: 302, 292, 291, 318, 344
1809: 378, 500, 486, 706, 707
1810: 292, 302, 295, 349, 333
1811: 461, 306, 292, 257, 300
1813: 466, 701, 306, 257, 89
1814: 173, 227, 207, 228, 533
1815: 225, 424, 199, 190, 207
1816: 154, 228, 511, 533, 207
1817: 55, 89, 292, 289, 154
1818: 511, 154, 159, 228, 187
1819: 288, 295, 289, 306, 300
1820: 461, 55, 306, 349, 325
1821: 89, 302, 293, 544, 349
1822: 234, 227, 857, 159, 4188
1823: 220, 498, 533, 230, 89
1824: 163, 868, 599, 706, 207
1825: 209, 377, 1672, 779, 1186
1826: 333, 292, 55, 298, 302
1827: 1066, 4871, 4873, 1534, 1300
1828: 89, 291, 257, 306, 55
1829: 89, 288, 306, 466, 295
1830: 533, 227, 229, 65, 424
1831: 229, 228, 1515, 1090, 1400
1832: 89, 533, 225, 1048, 199
1833: 306, 300, 466, 67, 257
1834: 89, 289, 292, 300, 461
1835: 187, 154, 159, 173, 1001
1836: 227, 225, 65, 229, 154
1838: 689, 289, 295, 425, 292
1839: 706, 163, 1415, 868, 1360
1840: 89, 679, 257, 288, 333
1841: 1295, 9, 1303, 487, 72
1842: 498, 230, 412, 500, 198
1844: 190, 89, 227, 228, 903
1845: 163, 159, 732, 67, 1810
1846: 333, 498, 466, 679, 325
1847: 163, 154, 198, 206, 5327
1848: 190, 225, 228, 226, 14349
1850: 89, 292, 300, 306, 349
1851: 288, 701, 344, 295, 681
1852: 292, 67, 289, 300, 333
1853: 154, 622, 3693, 199, 1964
1854: 475, 278, 2179, 331, 12454
1855: 228, 154, 227, 207, 190
1856: 288, 466, 295, 89, 300
1857: 4262, 222, 227, 3714, 412
1858: 1369, 707, 918, 724, 706
1859: 154, 190, 227, 159, 2629
1860: 706, 163, 1369, 841, 954
1861: 429, 154, 227, 199, 8921
1862: 173, 190, 154, 533, 229
1863: 306, 299, 318, 302, 528
1864: 2864, 2894, 728, 565, 2901
1865: 707, 377, 1104, 1118, 7
1866: 511, 1249, 1412, 533, 230
1867: 412, 1650, 234, 227, 4836
1868: 1372, 724, 707, 227, 2346
1869: 292, 89, 257, 349, 285
1871: 89, 349, 302, 300, 55
1872: 498, 288, 466, 325, 89
1873: 292, 302, 300, 461, 294
1874: 603, 154, 616, 418, 1945
1875: 190, 429, 418, 2277, 1098
1877: 190, 229, 154, 424, 227
1879: 226, 234, 436, 868, 562
1880: 306, 701, 289, 686, 292
1881: 59, 599, 993, 159, 89
1882: 154, 227, 610, 233, 9387
1883: 59, 429, 1083, 3411, 3290
1885: 444, 154, 237, 1418, 1744
1887: 917, 152, 188, 854, 230
1888: 190, 163, 220, 154, 229
1889: 163, 706, 728, 1426, 707
1890: 377, 378, 7, 500, 1854
1891: 603, 748, 2668, 756, 778
1892: 190, 498, 227, 1246, 207
1894: 295, 302, 55, 299, 701
1895: 295, 333, 466, 294, 291
1896: 816, 412, 1181, 1853, 1188
1897: 917, 198, 1613, 1360, 227
1898: 288, 299, 498, 295, 318
1899: 55, 300, 67, 302, 333
1900: 72, 429, 1886, 998, 2531
1902: 292, 375, 3324, 67, 2095
1903: 906, 701, 300, 296, 298
1904: 227, 961, 1424, 65, 599
1905: 203, 154, 190, 227, 65
1906: 498, 227, 220, 378, 154
1907: 2605, 238, 4865, 603, 15087
1908: 306, 257, 333, 300, 299
1909: 288, 701, 292, 466, 349
1910: 689, 288, 65, 295, 289
1911: 533, 228, 225, 190, 226
1912: 475, 1613, 331, 527, 10871
1914: 868, 212, 728, 735, 599
1915: 289, 288, 67, 295, 532
1917: 300, 289, 344, 701, 295
1918: 190, 207, 424, 735, 227
1919: 227, 229, 207, 1090, 533
1920: 498, 190, 229, 300, 466
1921: 486, 537, 1672, 816, 333
1922: 227, 228, 173, 424, 203
1923: 707, 234, 917, 190, 163
1924: 300, 344, 333, 704, 289
1925: 1188, 1180, 377, 537, 173
1926: 81, 154, 190, 1098, 72
1928: 1098, 288, 89, 154, 173
1929: 511, 51, 227, 59, 998
1930: 498, 333, 377, 481, 12802
1931: 154, 190, 229, 533, 207
1933: 159, 227, 72, 238, 154
1934: 2094, 89, 374, 2102, 1919
1935: 536, 209, 493, 190, 1145
1936: 227, 424, 903, 190, 1048
1937: 89, 333, 288, 959, 227
1938: 207, 154, 440, 228, 227
1939: 163, 154, 197, 959, 15325
1941: 498, 230, 412, 89, 333
1942: 1061, 511, 1001, 154, 187
1944: 1358, 1412, 706, 1369, 843
1946: 289, 89, 461, 378, 333
1947: 154, 229, 173, 65, 1090
1948: 333, 466, 89, 461, 288
1949: 190, 428, 225, 65, 716
1950: 228, 207, 203, 229, 533
1951: 227, 190, 230, 4194, 4213
1952: 229, 190, 226, 228, 709
1954: 306, 288, 289, 300, 89
1955: 65, 1090, 190, 429, 196
1956: 187, 288, 374, 1014, 9089
1957: 65, 229, 498, 1246, 2455
1958: 2938, 1001, 1014, 67, 154
1959: 89, 461, 701, 528, 681
1961: 292, 295, 299, 466, 333
1962: 154, 441, 1964, 424, 7190
1963: 289, 55, 300, 333, 325
1964: 154, 227, 190, 225, 511
1965: 89, 55, 299, 333, 701
1966: 377, 498, 1116, 229, 228
1968: 918, 959, 841, 2342, 732
1969: 278, 475, 2921, 2931, 2179
1971: 917, 841, 1358, 1369, 8931
1972: 233, 748, 154, 81, 616
1973: 89, 300, 55, 461, 349
1974: 154, 377, 220, 234, 190
1975: 603, 616, 2668, 2605, 1965
1976: 163, 154, 506, 707, 6956
1977: 1098, 1090, 53, 163, 444
1978: 1369, 1366, 2343, 163, 2787
1979: 288, 289, 300, 466, 295
1980: 229, 533, 228, 154, 1048
1981: 533, 229, 227, 511, 1375
1982: 154, 72, 533, 234, 228
1983: 89, 292, 300, 67, 461
1984: 707, 198, 918, 536, 1044
1986: 707, 1372, 732, 1249, 1527
1987: 227, 154, 429, 88, 533
1988: 289, 466, 292, 295, 349
1989: 2605, 63, 748, 238, 1907
1990: 267, 1640, 1613, 276, 1620
1991: 154, 226, 599, 267, 1131
1992: 599, 159, 227, 225, 199
1993: 1098, 298, 703, 689, 292
1994: 154, 1090, 424, 65, 533
1995: 65, 154, 190, 533, 377
1996: 288, 306, 289, 278, 267
1997: 1412, 163, 154, 1415, 959
1998: 709, 207, 228, 533, 498
1999: 190, 1044, 154, 498, 1104
2000: 89, 306, 295, 349, 466
2001: 843, 917, 1358, 1360, 503
2003: 1983, 1745, 603, 190, 2671
2004: 288, 292, 333, 291, 498
2005: 238, 2312, 162, 154, 16132
2006: 2673, 2691, 744, 616, 2672
2007: 917, 843, 1369, 1358, 854
2008: 154, 190, 228, 533, 89
2009: 207, 1098, 425, 229, 65
2010: 1090, 190, 1048, 217, 982
2011: 228, 154, 65, 1090, 227
2013: 227, 424, 709, 228, 511
2014: 159, 1014, 1019, 98, 99
2015: 812, 841, 953, 918, 920
2016: 65, 53, 444, 1787, 4406
2017: 89, 207, 154, 425, 229
2018: 295, 300, 89, 701, 306
2019: 190, 371, 679, 510, 4361
2020: 289, 292, 466, 461, 227
2021: 89, 461, 349, 325, 318
2022: 333, 288, 966, 701, 257
2023: 300, 686, 701, 289, 466
2024: 65, 533, 207, 199, 424
2025: 1014, 998, 227, 187, 77
2027: 288, 701, 89, 291, 344
2028: 748, 616, 2673, 2671, 778
2029: 424, 154, 207, 190, 228
2030: 81, 190, 207, 748, 506
2031: 306, 300, 349, 257, 318
2032: 154, 1424, 229, 207, 228
2033: 292, 679, 461, 295, 67
2034: 1515, 425, 1048, 199, 226
2035: 227, 735, 554, 1416, 10108
2036: 154, 207, 533, 173, 65
2037: 295, 289, 89, 55, 461
2038: 288, 344, 464, 686, 302
2039: 190, 229, 533, 173, 220
2040: 288, 333, 464, 701, 325
2041: 209, 486, 537, 412, 481
2042: 220, 234, 227, 1249, 982
2043: 816, 540, 687, 1853, 65
2044: 227, 440, 225, 1098, 196
2045: 227, 173, 441, 190, 1788
2046: 72, 487, 190, 978, 378
2047: 238, 154, 53, 1131, 65
2048: 302, 227, 575, 342, 15776
2051: 418, 599, 441, 429, 81
2052: 193, 59, 511, 51, 997
2053: 518, 707, 918, 726, 2379
2054: 295, 300, 333, 543, 797
2055: 599, 59, 997, 429, 1295
2056: 289, 89, 292, 288, 4136
2057: 1246, 498, 486, 377, 1043
2058: 89, 295, 292, 288, 257
2059: 89, 701, 67, 55, 299
2060: 503, 707, 953, 188, 163
2061: 89, 299, 292, 291, 300
2062: 89, 207, 154, 1048, 533
2064: 1246, 300, 403, 377, 190
2065: 466, 295, 306, 498, 349
2066: 930, 1044, 1714, 517, 978
2067: 805, 813, 825, 816, 779
2068: 289, 295, 288, 292, 67
2069: 498, 377, 536, 289, 481
2070: 209, 481, 412, 234, 300
2071: 288, 55, 306, 299, 349
2072: 333, 292, 300, 55, 466
2075: 288, 89, 72, 187, 1098
2076: 289, 302, 300, 292, 288
2077: 917, 952, 2343, 1369, 227
2078: 65, 227, 159, 154, 163
2079: 288, 325, 295, 318, 292
2080: 1713, 187, 190, 1001, 51
2081: 154, 227, 190, 424, 689
2083: 59, 173, 599, 187, 998
2084: 207, 439, 217, 1090, 709
2086: 207, 190, 1090, 199, 298
2087: 292, 466, 89, 464, 299
2088: 67, 257, 289, 292, 318
2090: 159, 227, 7, 72, 220
2091: 475, 330, 439, 2226, 2976
2092: 154, 533, 225, 229, 1090
2093: 227, 1412, 868, 562, 163
2094: 288, 333, 344, 466, 701
2095: 163, 506, 154, 8454, 6961
2096: 227, 533, 207, 429, 159
2097: 229, 206, 65, 190, 1090
2099: 603, 756, 2671, 2667, 11378
2100: 1254, 954, 1261, 821, 8329
