2: 187, 993, 997, 1001, 72 
3: 7011, 7012, 3506, 7010, 3862 
4: 59, 1001, 511, 227, 65 
5: 429, 424, 229, 190, 227 
6: 11066, 11062, 11076, 11078, 257 
7: 701, 466, 349, 89, 289 
8: 701, 55, 302, 466, 295 
9: 5081, 2806, 1906, 2106, 1904 
10: 217, 190, 1090, 227, 207 
11: 257, 701, 67, 461, 333 
12: 295, 461, 292, 289, 89 
13: 701, 306, 89, 289, 288 
14: 8811, 8813, 8804, 8809, 8806 
15: 206, 441, 199, 418, 227 
16: 295, 466, 292, 289, 288 
17: 302, 679, 295, 461, 333 
18: 154, 959, 1249, 1412, 234 
20: 2673, 2668, 2671, 2670, 772 
21: 291, 333, 349, 89, 295 
22: 809, 2382, 2384, 839, 2379 
23: 190, 1412, 441, 599, 154 
24: 466, 306, 701, 288, 292 
25: 306, 299, 300, 349, 292 
26: 1369, 706, 1360, 843, 1358 
27: 292, 288, 289, 55, 89 
28: 1892, 98, 187, 2937, 993 
29: 325, 701, 306, 295, 333 
30: 291, 701, 292, 466, 289 
31: 89, 75, 187, 51, 1001 
32: 424, 65, 229, 533, 207 
33: 226, 707, 154, 854, 163 
34: 159, 429, 190, 227, 154 
35: 188, 1131, 12981, 12982, 152 
36: 1672, 486, 1853, 687, 498 
37: 154, 3448, 3433, 2481, 159 
38: 461, 65, 295, 292, 289 
39: 3, 28, 1214, 2765, 12 
40: 4871, 4877, 44, 1328, 1323 
41: 3476, 2838, 918, 841, 1527 
42: 207, 67, 292, 300, 229 
43: 228, 432, 173, 89, 154 
44: 959, 154, 212, 917, 1372 
45: 67, 299, 466, 292, 289 
46: 67, 257, 461, 295, 289 
47: 349, 306, 295, 89, 288 
48: 466, 701, 333, 295, 292 
49: 306, 466, 300, 295, 292 
50: 1048, 203, 225, 190, 154 
51: 1531, 843, 707, 954, 841 
52: 8299, 8300, 8296, 8295, 8297 
53: 701, 67, 466, 89, 295 
54: 701, 302, 300, 89, 295 
55: 4585, 1952, 2252, 267, 14226 
56: 65, 533, 229, 154, 227 
57: 701, 325, 302, 306, 461 
58: 306, 701, 333, 461, 292 
59: 234, 7, 198, 173, 154 
60: 15760, 444, 454, 154, 237 
61: 9701, 9702, 9699, 227, 154 
62: 1061, 227, 229, 511, 159 
63: 1372, 1360, 234, 1249, 1369 
64: 10131, 10128, 6699, 10130, 10142 
65: 493, 488, 500, 779, 486 
66: 1014, 193, 999, 998, 1027 
68: 291, 333, 461, 55, 302 
69: 154, 10552, 10556, 1959, 1627 
70: 226, 424, 234, 154, 227 
71: 937, 942, 928, 841, 1358 
72: 299, 701, 349, 288, 289 
73: 187, 1014, 59, 997, 72 
74: 89, 289, 292, 300, 288 
75: 325, 349, 302, 461, 306 
76: 2808, 1922, 3324, 1906, 5089 
77: 228, 65, 190, 154, 207 
78: 4854, 4856, 2156, 2173, 772 
79: 302, 333, 295, 300, 288 
80: 4948, 4168, 1853, 1557, 815 
81: 6620, 6619, 6621, 2916, 6618 
82: 615, 196, 199, 3693, 154 
83: 13498, 6960, 6951, 6952, 2300 
84: 234, 841, 732, 1372, 707 
85: 917, 154, 234, 198, 707 
86: 805, 816, 500, 503, 815 
87: 306, 257, 299, 89, 295 
88: 418, 434, 618, 227, 217 
89: 292, 466, 288, 300, 333 
90: 3583, 3590, 3588, 3593, 3585 
91: 1202, 10164, 2470, 3443, 3508 
92: 349, 333, 461, 701, 292 
94: 229, 227, 203, 225, 441 
95: 325, 299, 466, 89, 289 
96: 55, 157, 292, 295, 89 
97: 227, 217, 228, 229, 424 
98: 291, 302, 461, 466, 306 
99: 225, 1090, 227, 207, 190 
100: 225, 533, 424, 207, 190 
101: 2959, 1246, 1185, 486, 230 
102: 7789, 11480, 163, 599, 154 
103: 234, 163, 511, 229, 173 
104: 288, 1246, 466, 333, 300 
105: 11208, 11128, 11209, 2146, 4865 
106: 2687, 2689, 2680, 2682, 2683 
107: 1369, 841, 1358, 1360, 917 
108: 8324, 8332, 1258, 28, 1276 
109: 724, 707, 1369, 4165, 706 
110: 701, 302, 461, 466, 89 
111: 1090, 424, 190, 227, 154 
113: 1412, 1358, 843, 706, 918 
114: 1415, 1358, 707, 917, 959 
115: 581, 11918, 2842, 11885, 8111 
116: 3357, 1959, 6900, 2930, 278 
117: 68, 993, 1027, 193, 187 
118: 1180, 978, 497, 1044, 500 
119: 4610, 1358, 2966, 843, 707 
120: 67, 306, 302, 466, 89 
121: 291, 349, 461, 466, 295 
122: 7789, 733, 11682, 11652, 227 
123: 823, 65, 190, 154, 207 
124: 227, 220, 377, 159, 234 
125: 190, 295, 300, 288, 289 
126: 498, 461, 295, 292, 289 
127: 377, 198, 706, 917, 707 
128: 173, 599, 190, 65, 154 
129: 306, 701, 291, 89, 295 
130: 291, 306, 302, 466, 292 
131: 9836, 9843, 3149, 9834, 9833 
132: 67, 325, 291, 306, 292 
133: 344, 55, 299, 333, 300 
134: 306, 461, 466, 300, 295 
135: 333, 461, 701, 295, 300 
136: 466, 701, 300, 295, 292 
137: 295, 288, 289, 67, 89 
139: 1854, 488, 497, 198, 377 
140: 429, 229, 217, 227, 154 
141: 65, 1412, 154, 959, 159 
142: 875, 7878, 997, 72, 159 
143: 67, 959, 157, 735, 163 
144: 291, 461, 302, 701, 466 
145: 461, 295, 89, 292, 289 
146: 55, 67, 257, 299, 349 
147: 466, 67, 300, 295, 89 
148: 16215, 18706, 4122, 11377, 6336 
149: 295, 292, 288, 333, 289 
150: 67, 701, 466, 300, 292 
151: 300, 288, 89, 333, 289 
152: 701, 306, 292, 288, 289 
153: 227, 920, 65, 152, 186 
154: 1044, 917, 1672, 498, 377 
155: 15515, 15516, 15513, 10794, 15514 
156: 173, 1090, 424, 228, 229 
157: 724, 707, 1803, 732, 917 
158: 461, 300, 292, 289, 288 
159: 300, 55, 89, 295, 289 
161: 2953, 2961, 810, 813, 2379 
162: 701, 466, 300, 292, 288 
163: 3600, 2437, 2453, 2443, 2449 
164: 982, 228, 229, 65, 227 
166: 229, 163, 3269, 599, 154 
168: 6910, 1961, 199, 418, 3693 
170: 1358, 1274, 1360, 846, 198 
171: 225, 199, 1090, 424, 227 
172: 65, 1090, 229, 207, 227 
173: 228, 65, 533, 1090, 229 
174: 154, 498, 533, 190, 227 
175: 3594, 3582, 2447, 3609, 2468 
176: 199, 190, 229, 207, 154 
177: 918, 920, 868, 1372, 707 
178: 841, 1113, 1369, 2962, 920 
179: 67, 344, 306, 302, 295 
180: 154, 1131, 12, 188, 2771 
181: 3056, 4906, 4901, 2743, 1784 
182: 67, 289, 300, 701, 89 
183: 173, 187, 51, 599, 227 
184: 229, 89, 1098, 227, 65 
185: 16601, 16602, 16599, 3922, 3916 
186: 295, 344, 461, 466, 89 
187: 997, 187, 1027, 51, 599 
189: 1672, 220, 497, 707, 190 
190: 55, 701, 89, 295, 288 
191: 173, 59, 1796, 1061, 153 
192: 15046, 15047, 15044, 4938, 8293 
193: 6580, 6584, 59, 65, 154 
194: 237, 53, 65, 190, 6756 
195: 1412, 562, 599, 225, 207 
196: 173, 228, 424, 190, 533 
198: 805, 810, 816, 2379, 815 
200: 735, 1369, 959, 163, 1412 
201: 300, 292, 288, 67, 289 
202: 706, 1527, 1360, 1358, 841 
203: 2204, 2210, 1853, 779, 816 
204: 13967, 13968, 8934, 4185, 10564 
205: 1541, 1876, 12412, 12413, 4173 
206: 1090, 228, 424, 190, 207 
207: 295, 292, 288, 300, 289 
208: 707, 12, 48, 954, 918 
209: 344, 701, 333, 466, 89 
210: 190, 55, 295, 292, 288 
211: 1090, 159, 207, 173, 227 
212: 953, 1358, 922, 918, 957 
213: 227, 815, 220, 517, 234 
214: 257, 299, 55, 333, 306 
215: 220, 234, 163, 1412, 227 
216: 154, 190, 65, 67, 173 
217: 15058, 1412, 1358, 1360, 917 
218: 154, 735, 234, 959, 190 
219: 540, 288, 289, 89, 498 
220: 217, 207, 424, 229, 227 
223: 257, 701, 466, 461, 89 
224: 98, 193, 1001, 599, 51 
225: 503, 843, 815, 809, 825 
226: 299, 291, 344, 349, 289 
227: 306, 333, 257, 701, 89 
228: 554, 211, 212, 12220, 8109 
229: 333, 300, 295, 288, 292 
230: 55, 299, 461, 701, 295 
231: 325, 291, 333, 55, 302 
232: 306, 701, 300, 89, 292 
233: 302, 701, 333, 295, 288 
234: 10396, 10392, 2916, 4585, 10399 
235: 841, 1113, 923, 2962, 918 
236: 461, 67, 302, 306, 466 
237: 173, 159, 199, 1090, 229 
238: 707, 15917, 559, 15916, 4681 
240: 291, 461, 295, 466, 300 
241: 1249, 1369, 918, 163, 917 
242: 55, 257, 333, 461, 292 
243: 701, 300, 289, 89, 67 
244: 295, 292, 288, 333, 289 
247: 15974, 15977, 3928, 4368, 10597 
248: 67, 325, 302, 299, 295 
249: 540, 497, 1185, 1672, 1853 
250: 1110, 917, 1372, 227, 163 
251: 424, 163, 234, 207, 227 
252: 679, 291, 306, 701, 295 
253: 257, 461, 302, 466, 300 
254: 7335, 7336, 4847, 6120, 4820 
255: 2670, 756, 2671, 744, 2146 
256: 299, 466, 67, 89, 288 
257: 1310, 1311, 1307, 1309, 1308 
258: 302, 333, 461, 295, 292 
259: 2820, 3833, 1796, 3840, 3830 
260: 55, 300, 295, 288, 289 
261: 15046, 15047, 4938, 15044, 779 
262: 6651, 6652, 3512, 188, 4270 
263: 59, 993, 1014, 998, 72 
264: 67, 997, 193, 998, 59 
265: 517, 813, 805, 1541, 198 
266: 173, 72, 227, 154, 65 
267: 701, 295, 344, 333, 466 
268: 1358, 1369, 2343, 4460, 1808 
269: 220, 533, 72, 154, 227 
270: 424, 228, 154, 432, 207 
271: 67, 325, 291, 466, 295 
273: 377, 537, 500, 1853, 1180 
274: 5563, 379, 5572, 2086, 413 
275: 993, 1019, 997, 51, 72 
277: 65, 1315, 207, 173, 190 
278: 299, 461, 302, 295, 288 
279: 5127, 14853, 4824, 1541, 2621 
280: 300, 298, 55, 288, 289 
281: 1372, 1803, 706, 1366, 1360 
282: 1415, 2347, 735, 918, 706 
283: 4113, 17956, 603, 12868, 238 
284: 12390, 12391, 12389, 12299, 707 
285: 163, 190, 1412, 1249, 227 
286: 67, 299, 349, 466, 89 
288: 228, 207, 154, 234, 227 
289: 540, 209, 333, 207, 230 
290: 187, 998, 1014, 59, 72 
291: 89, 292, 466, 289, 288 
292: 212, 1413, 1372, 562, 163 
293: 209, 89, 230, 300, 333 
294: 5361, 9356, 5343, 5342, 5327 
295: 928, 724, 947, 1257, 1369 
296: 14479, 14480, 7235, 14478, 8309 
297: 229, 228, 418, 424, 207 
298: 65, 190, 424, 228, 229 
299: 190, 292, 300, 288, 229 
300: 918, 1412, 163, 1249, 227 
301: 55, 306, 701, 67, 466 
302: 349, 291, 67, 461, 295 
303: 1372, 735, 1369, 234, 163 
304: 1072, 59, 227, 229, 154 
305: 291, 349, 67, 333, 295 
306: 1014, 173, 1061, 1001, 190 
307: 5343, 5329, 5325, 5359, 5350 
308: 1249, 1360, 1369, 1358, 706 
310: 349, 299, 701, 295, 289 
311: 229, 65, 207, 227, 154 
312: 409, 1918, 375, 2117, 1904 
313: 2838, 841, 707, 918, 1358 
314: 292, 498, 289, 288, 89 
315: 333, 67, 288, 289, 65 
316: 233, 234, 7, 190, 978 
317: 1415, 599, 1372, 234, 1412 
318: 701, 333, 295, 292, 288 
319: 4822, 4213, 840, 412, 4821 
320: 12683, 3585, 2445, 2455, 2468 
321: 198, 1527, 1372, 843, 707 
322: 333, 302, 461, 295, 292 
324: 1249, 176, 2347, 2343, 841 
325: 1326, 1299, 1327, 1331, 1292 
326: 302, 466, 701, 300, 289 
327: 55, 461, 701, 306, 292 
328: 300, 498, 228, 229, 154 
329: 349, 466, 306, 300, 292 
330: 318, 291, 302, 292, 288 
331: 333, 461, 292, 466, 288 
332: 701, 295, 89, 288, 289 
333: 257, 291, 461, 466, 89 
334: 65, 228, 229, 533, 154 
335: 306, 302, 333, 701, 466 
336: 7, 65, 1104, 233, 154 
337: 1337, 947, 918, 1527, 1257 
338: 952, 4460, 1810, 5004, 4165 
339: 679, 344, 325, 55, 67 
340: 257, 291, 349, 55, 300 
341: 10561, 1953, 10516, 10549, 1969 
342: 424, 1090, 229, 533, 65 
343: 3476, 163, 918, 1372, 1369 
344: 8150, 12973, 5050, 3893, 599 
345: 89, 227, 65, 207, 229 
346: 288, 228, 65, 154, 227 
347: 497, 1672, 808, 1854, 498 
348: 333, 295, 292, 300, 289 
349: 6011, 5967, 1541, 6012, 2192 
350: 344, 257, 299, 302, 300 
351: 461, 466, 288, 289, 89 
352: 349, 55, 291, 461, 288 
353: 291, 67, 299, 302, 701 
354: 67, 291, 333, 302, 306 
355: 701, 306, 498, 295, 333 
356: 5965, 5970, 1188, 4168, 2210 
357: 225, 190, 173, 65, 227 
358: 190, 229, 65, 207, 154 
359: 1891, 1895, 1027, 51, 997 
360: 6399, 6401, 6392, 6393, 6395 
361: 344, 325, 306, 466, 300 
362: 289, 377, 300, 333, 89 
363: 412, 486, 230, 198, 377 
364: 439, 429, 599, 225, 735 
365: 13947, 13948, 1120, 13910, 11784 
366: 440, 159, 203, 225, 199 
367: 65, 486, 229, 190, 230 
368: 3294, 2542, 199, 154, 1964 
369: 425, 190, 228, 227, 154 
370: 429, 229, 190, 65, 227 
371: 4229, 3830, 460, 3840, 1072 
372: 486, 198, 2843, 497, 1854 
375: 55, 306, 701, 466, 292 
376: 918, 1372, 2342, 1360, 917 
377: 957, 923, 1358, 843, 707 
378: 599, 1369, 868, 707, 511 
380: 701, 55, 300, 349, 292 
382: 1641, 1959, 267, 276, 1640 
383: 292, 288, 289, 300, 89 
385: 302, 701, 295, 292, 289 
386: 220, 234, 227, 917, 706 
387: 257, 292, 295, 89, 289 
388: 1044, 2014, 1339, 707, 190 
390: 325, 291, 349, 306, 288 
391: 497, 816, 537, 500, 209 
392: 291, 466, 333, 295, 300 
393: 599, 229, 163, 533, 154 
394: 4471, 4484, 220, 706, 227 
395: 1358, 2744, 923, 1044, 707 
396: 190, 70, 1061, 1072, 72 
397: 1072, 51, 59, 187, 159 
398: 65, 229, 429, 190, 424 
399: 325, 67, 349, 306, 461 
400: 349, 299, 302, 333, 461 
401: 288, 486, 300, 333, 377 
402: 2347, 163, 1249, 918, 707 
403: 306, 701, 295, 333, 292 
404: 1246, 540, 1180, 1866, 498 
405: 302, 701, 306, 292, 288 
406: 4784, 917, 1113, 1134, 152 
407: 4030, 4033, 4023, 72, 154 
408: 1048, 190, 229, 154, 424 
409: 466, 295, 300, 288, 289 
410: 498, 10923, 10920, 10922, 1201 
411: 6905, 2227, 6620, 267, 8164 
412: 302, 333, 466, 288, 289 
413: 333, 701, 300, 89, 289 
414: 291, 306, 701, 300, 89 
415: 344, 67, 461, 295, 289 
416: 6964, 6965, 22, 3536, 6962 
417: 325, 257, 67, 466, 288 
418: 65, 229, 199, 217, 227 
419: 701, 466, 349, 300, 292 
420: 89, 288, 295, 289, 292 
421: 461, 299, 349, 67, 701 
423: 999, 1001, 1027, 59, 998 
424: 188, 1360, 1369, 503, 918 
425: 352, 679, 67, 55, 291 
426: 7013, 744, 1098, 154, 1418 
427: 209, 1197, 687, 498, 412 
428: 68, 193, 1027, 1019, 51 
430: 1027, 1014, 1892, 1001, 998 
431: 163, 706, 230, 1090, 234 
432: 540, 230, 209, 1180, 412 
433: 198, 707, 841, 2961, 1214 
434: 429, 227, 199, 2424, 154 
435: 1185, 2621, 2210, 1180, 816 
436: 163, 234, 154, 159, 227 
437: 344, 291, 295, 292, 300 
438: 4875, 49, 1292, 34, 1294 
439: 1952, 2919, 2236, 6621, 2924 
440: 196, 418, 622, 199, 154 
441: 227, 173, 207, 190, 154 
442: 1072, 1019, 998, 59, 51 
443: 17980, 17981, 17978, 2314, 8239 
444: 6652, 6653, 6651, 3512, 6649 
446: 533, 75, 190, 51, 159 
447: 11521, 11522, 5343, 9356, 5361 
449: 841, 706, 918, 1360, 1358 
450: 868, 735, 188, 707, 1412 
451: 291, 325, 302, 292, 466 
452: 1004, 1892, 193, 59, 993 
453: 599, 72, 424, 207, 533 
454: 12506, 12507, 12504, 2686, 3530 
455: 1312, 30, 4871, 154, 72 
456: 466, 292, 461, 300, 289 
457: 706, 707, 1350, 928, 917 
458: 295, 292, 300, 289, 89 
459: 724, 4165, 1360, 841, 732 
460: 173, 190, 65, 207, 227 
461: 288, 55, 227, 289, 89 
462: 615, 212, 441, 199, 434 
463: 8361, 67, 89, 4918, 518 
464: 154, 1048, 227, 228, 207 
465: 225, 173, 228, 424, 227 
466: 291, 55, 701, 295, 288 
467: 8772, 8774, 8769, 8771, 8770 
468: 72, 89, 959, 67, 227 
469: 503, 930, 163, 198, 918 
470: 349, 302, 701, 466, 292 
471: 212, 190, 706, 562, 234 
472: 302, 701, 292, 289, 89 
473: 55, 333, 466, 701, 300 
474: 65, 292, 288, 289, 89 
475: 199, 173, 1090, 154, 190 
476: 1048, 225, 65, 227, 207 
477: 344, 291, 349, 55, 300 
478: 4839, 4836, 4829, 4835, 4845 
479: 325, 333, 300, 295, 289 
480: 61, 999, 68, 51, 997 
481: 333, 466, 300, 288, 89 
482: 207, 333, 288, 289, 65 
484: 3828, 234, 227, 154, 3840 
485: 632, 9448, 227, 13400, 13399 
486: 325, 461, 299, 466, 288 
487: 292, 89, 289, 461, 288 
488: 234, 190, 228, 163, 533 
489: 917, 220, 154, 1369, 1412 
490: 65, 227, 300, 229, 190 
491: 1522, 1344, 1525, 918, 917 
492: 65, 190, 599, 163, 154 
493: 173, 51, 75, 154, 227 
494: 291, 295, 466, 300, 288 
495: 67, 461, 466, 89, 288 
496: 43, 32, 50, 11192, 72 
497: 299, 349, 461, 333, 292 
498: 333, 466, 701, 67, 289 
499: 724, 1249, 1369, 917, 707 
500: 4865, 2670, 756, 772, 2671 
501: 55, 701, 466, 300, 288 
502: 461, 67, 701, 55, 89 
503: 302, 461, 333, 67, 466 
504: 295, 498, 292, 461, 289 
506: 72, 4871, 24, 154, 32 
507: 10716, 5245, 229, 424, 154 
508: 9836, 9833, 3149, 9834, 9839 
509: 230, 209, 500, 1854, 486 
510: 306, 300, 89, 292, 289 
511: 225, 190, 234, 207, 227 
512: 493, 497, 198, 488, 377 
513: 65, 190, 424, 227, 154 
514: 325, 306, 295, 292, 289 
515: 429, 229, 225, 65, 227 
516: 67, 333, 288, 498, 289 
517: 418, 618, 199, 622, 440 
518: 318, 291, 299, 325, 302 
519: 1369, 957, 843, 1358, 707 
520: 1001, 75, 173, 59, 1713 
521: 190, 481, 1043, 412, 540 
523: 229, 429, 1090, 207, 154 
525: 412, 486, 1186, 377, 1180 
526: 377, 706, 917, 498, 234 
527: 333, 701, 306, 295, 300 
529: 5172, 3470, 1412, 1372, 1369 
530: 227, 190, 229, 65, 154 
531: 257, 67, 349, 333, 466 
532: 209, 1035, 1180, 816, 1043 
533: 2391, 292, 8848, 289, 2390 
534: 302, 55, 701, 89, 288 
535: 333, 295, 300, 288, 289 
536: 306, 466, 295, 67, 300 
537: 344, 302, 333, 461, 295 
538: 325, 257, 344, 67, 349 
539: 154, 173, 59, 187, 190 
540: 1001, 159, 1886, 997, 51 
541: 1426, 607, 959, 917, 227 
542: 295, 300, 89, 292, 288 
543: 72, 228, 424, 227, 207 
544: 6756, 418, 190, 229, 154 
545: 461, 295, 466, 292, 300 
546: 843, 1360, 920, 821, 707 
547: 735, 234, 562, 868, 154 
548: 2765, 13679, 13677, 1521, 1260 
549: 735, 1358, 706, 1412, 1372 
550: 1261, 1372, 1337, 954, 918 
551: 292, 377, 333, 300, 289 
552: 12843, 12844, 12841, 12840, 12842 
553: 701, 466, 55, 306, 89 
555: 55, 67, 306, 349, 466 
556: 225, 227, 190, 229, 154 
557: 1321, 487, 1312, 1295, 9 
558: 295, 289, 55, 292, 67 
559: 212, 533, 562, 1412, 154 
560: 599, 190, 173, 159, 154 
561: 4566, 6562, 8603, 8606, 3318 
562: 3590, 2449, 3593, 3583, 2457 
563: 11917, 2842, 6958, 2864, 11885 
565: 441, 154, 1001, 51, 59 
566: 1323, 1304, 1312, 1334, 1321 
567: 229, 425, 207, 615, 154 
568: 190, 65, 159, 154, 227 
569: 344, 294, 299, 291, 333 
570: 6620, 2916, 2241, 6619, 2179 
571: 302, 466, 55, 300, 288 
572: 349, 333, 299, 306, 300 
573: 331, 1641, 2252, 2919, 267 
574: 209, 378, 1246, 412, 1672 
575: 65, 190, 292, 300, 295 
576: 18315, 18316, 4860, 18314, 10659 
577: 511, 227, 229, 65, 173 
578: 464, 289, 89, 288, 333 
579: 2379, 1527, 12, 918, 917 
580: 707, 198, 227, 190, 412 
581: 306, 257, 349, 300, 701 
582: 2187, 849, 1541, 2586, 825 
583: 486, 377, 1185, 500, 209 
584: 295, 288, 461, 292, 289 
585: 4570, 1090, 228, 154, 229 
586: 18727, 18728, 10894, 18726, 18725 
587: 808, 978, 1672, 1044, 707 
589: 302, 306, 333, 289, 288 
590: 344, 701, 333, 295, 292 
592: 292, 288, 295, 289, 89 
593: 325, 295, 89, 292, 289 
594: 220, 377, 917, 234, 1412 
595: 1372, 706, 2342, 1342, 1360 
596: 997, 998, 51, 59, 159 
598: 461, 306, 67, 701, 295 
601: 17980, 17981, 8239, 17978, 9048 
602: 3826, 11614, 11612, 10890, 11613 
603: 228, 234, 227, 207, 154 
604: 257, 466, 701, 55, 300 
605: 173, 424, 228, 65, 190 
606: 207, 707, 234, 227, 163 
607: 10894, 8323, 8320, 8322, 8326 
608: 1415, 5438, 5431, 5430, 5435 
609: 302, 701, 306, 466, 89 
611: 15238, 154, 229, 72, 64 
612: 466, 67, 292, 295, 300 
613: 163, 562, 154, 735, 227 
614: 808, 1672, 498, 486, 377 
616: 198, 1337, 1358, 1257, 1360 
617: 701, 306, 300, 89, 289 
618: 4897, 4899, 4894, 4890, 4892 
619: 425, 1048, 225, 424, 154 
620: 55, 461, 701, 295, 466 
621: 701, 461, 466, 333, 89 
622: 207, 533, 199, 229, 190 
623: 707, 562, 607, 1412, 163 
624: 173, 65, 154, 227, 190 
625: 2536, 3884, 199, 429, 154 
627: 1350, 707, 1358, 918, 957 
628: 429, 173, 228, 1090, 227 
629: 190, 229, 228, 533, 424 
631: 1090, 65, 163, 220, 154 
632: 679, 55, 701, 300, 289 
633: 500, 12027, 190, 412, 198 
634: 292, 466, 461, 288, 289 
635: 229, 599, 190, 163, 154 
636: 306, 466, 302, 300, 89 
637: 227, 707, 1369, 1412, 706 
638: 306, 67, 466, 89, 289 
639: 16725, 16726, 6547, 8144, 1405 
640: 2343, 1639, 707, 1369, 1372 
641: 466, 288, 300, 89, 498 
642: 5660, 582, 8111, 8126, 11885 
643: 190, 599, 72, 227, 154 
644: 533, 1090, 173, 418, 207 
645: 7839, 7840, 7836, 67, 2051 
646: 349, 291, 306, 292, 466 
647: 7377, 11571, 227, 225, 154 
649: 706, 188, 841, 923, 821 
650: 173, 207, 89, 498, 65 
651: 349, 306, 300, 292, 289 
652: 234, 1118, 707, 190, 198 
654: 152, 1131, 377, 154, 163 
655: 306, 300, 89, 292, 289 
656: 187, 1001, 193, 999, 51 
657: 409, 173, 154, 229, 1090 
658: 65, 190, 159, 1014, 59 
659: 55, 300, 89, 295, 288 
660: 5727, 5729, 5724, 4765, 5725 
661: 14246, 14247, 2307, 8429, 8230 
662: 461, 288, 289, 89, 498 
663: 17879, 5094, 10226, 3487, 5089 
664: 227, 429, 615, 3691, 199 
665: 187, 207, 227, 190, 159 
666: 59, 154, 173, 599, 1083 
667: 318, 55, 299, 333, 461 
668: 377, 198, 227, 917, 234 
669: 701, 306, 295, 292, 289 
670: 425, 89, 227, 190, 424 
671: 461, 295, 300, 289, 288 
672: 1180, 1853, 2210, 498, 816 
673: 190, 230, 220, 377, 498 
674: 333, 701, 295, 89, 466 
675: 461, 302, 701, 292, 288 
676: 163, 1372, 918, 1360, 1412 
677: 918, 3509, 28, 1358, 841 
678: 377, 230, 1412, 163, 220 
679: 302, 55, 701, 289, 288 
680: 701, 349, 333, 295, 289 
681: 65, 207, 227, 377, 190 
682: 291, 325, 302, 701, 292 
683: 1004, 999, 1891, 1006, 998 
684: 257, 299, 333, 701, 89 
685: 1360, 234, 917, 706, 163 
686: 75, 153, 1014, 187, 59 
687: 441, 227, 866, 875, 159 
688: 292, 288, 333, 289, 300 
689: 349, 299, 302, 295, 289 
690: 679, 325, 349, 302, 295 
691: 302, 55, 306, 67, 300 
692: 4348, 599, 735, 959, 733 
693: 199, 227, 618, 11416, 154 
694: 1001, 441, 1014, 599, 159 
695: 10192, 10198, 9339, 511, 227 
696: 707, 724, 1369, 163, 706 
697: 5325, 5350, 5346, 756, 772 
698: 302, 55, 300, 89, 289 
699: 163, 959, 1412, 918, 724 
700: 701, 292, 466, 89, 300 
701: 67, 349, 701, 466, 289 
702: 701, 349, 466, 300, 288 
703: 257, 302, 701, 89, 292 
704: 289, 6618, 6630, 6627, 288 
705: 466, 295, 333, 288, 289 
706: 821, 4612, 1131, 503, 917 
707: 289, 9428, 8311, 4369, 9351 
708: 6576, 3523, 1223, 882, 10673 
709: 707, 2342, 1412, 706, 1360 
710: 203, 51, 173, 429, 227 
711: 1372, 918, 1358, 1249, 732 
712: 1375, 229, 533, 225, 154 
713: 461, 291, 466, 299, 289 
714: 599, 5918, 59, 1083, 72 
715: 1412, 706, 707, 1360, 918 
716: 1185, 500, 1180, 1188, 816 
717: 461, 701, 300, 295, 288 
718: 757, 229, 425, 81, 65 
719: 707, 1360, 2342, 917, 1412 
720: 562, 1372, 917, 1369, 706 
721: 2424, 622, 199, 227, 154 
722: 291, 299, 461, 333, 289 
723: 257, 291, 306, 295, 292 
725: 959, 159, 238, 227, 1412 
726: 5089, 374, 2086, 2111, 2102 
727: 9836, 9843, 3149, 9834, 9833 
728: 441, 227, 225, 190, 154 
729: 227, 72, 1303, 1300, 190 
730: 302, 306, 701, 466, 288 
731: 841, 918, 198, 843, 707 
732: 349, 461, 302, 306, 300 
733: 461, 344, 288, 289, 300 
734: 225, 1418, 199, 207, 65 
735: 841, 288, 724, 1358, 1369 
736: 292, 300, 306, 89, 289 
737: 198, 207, 706, 190, 163 
738: 843, 732, 724, 841, 1372 
739: 288, 67, 292, 89, 289 
741: 300, 89, 486, 230, 498 
742: 703, 288, 289, 548, 89 
743: 295, 300, 292, 288, 289 
744: 295, 461, 292, 333, 300 
745: 1579, 1581, 1572, 1577, 1578 
746: 377, 1854, 500, 488, 497 
747: 2621, 2210, 1180, 805, 779 
749: 291, 306, 701, 333, 295 
750: 1090, 173, 227, 190, 154 
751: 1186, 198, 497, 1672, 190 
752: 805, 1541, 1853, 1188, 779 
753: 176, 952, 1358, 1808, 706 
754: 1412, 511, 212, 154, 163 
756: 173, 709, 225, 533, 424 
757: 333, 349, 67, 306, 300 
758: 333, 154, 377, 229, 89 
759: 288, 289, 65, 229, 190 
760: 1246, 333, 1672, 486, 230 
761: 1027, 187, 1001, 993, 998 
762: 173, 59, 1001, 159, 72 
763: 209, 707, 198, 498, 1672 
764: 735, 1412, 163, 154, 227 
765: 225, 3691, 1964, 231, 154 
767: 289, 75, 89, 67, 72 
768: 291, 292, 89, 300, 288 
769: 159, 65, 229, 154, 190 
770: 349, 333, 466, 300, 288 
771: 2179, 6900, 2916, 271, 1613 
772: 2343, 707, 2787, 732, 917 
773: 207, 65, 707, 190, 1412 
776: 1672, 823, 839, 805, 198 
777: 51, 153, 1072, 59, 159 
778: 306, 333, 461, 302, 295 
779: 72, 300, 292, 295, 288 
780: 288, 55, 289, 72, 67 
781: 55, 67, 291, 461, 288 
782: 5043, 2691, 616, 2605, 748 
784: 222, 225, 618, 418, 622 
785: 190, 533, 65, 207, 163 
786: 173, 377, 89, 65, 190 
787: 1180, 65, 228, 209, 498 
788: 511, 706, 163, 959, 227 
789: 257, 289, 89, 292, 288 
790: 295, 466, 333, 89, 300 
791: 159, 59, 207, 190, 154 
792: 707, 1044, 537, 497, 498 
793: 299, 333, 302, 701, 295 
794: 220, 154, 234, 65, 190 
795: 299, 302, 306, 295, 288 
797: 461, 295, 466, 288, 289 
798: 2963, 918, 2970, 841, 12 
799: 997, 159, 3286, 72, 599 
800: 1372, 1369, 707, 1358, 918 
801: 1829, 1823, 1819, 1139, 1847 
802: 2042, 59, 880, 1713, 72 
804: 302, 466, 89, 300, 295 
805: 207, 220, 229, 190, 533 
806: 65, 227, 173, 154, 72 
807: 17713, 17714, 1912, 17485, 9089 
808: 306, 300, 295, 89, 289 
809: 302, 461, 701, 292, 289 
810: 2309, 2310, 2303, 2302, 2306 
812: 841, 917, 503, 2379, 813 
813: 199, 173, 227, 207, 190 
814: 295, 344, 292, 289, 466 
815: 55, 67, 257, 299, 461 
816: 257, 67, 299, 333, 288 
817: 228, 227, 65, 190, 229 
818: 234, 533, 424, 228, 227 
819: 461, 302, 257, 306, 701 
820: 15772, 15773, 10134, 13915, 13928 
821: 424, 533, 207, 227, 229 
822: 4603, 2923, 11753, 276, 249 
823: 537, 412, 1672, 808, 4262 
824: 173, 1090, 424, 207, 227 
825: 199, 225, 1766, 424, 429 
826: 295, 498, 333, 292, 288 
827: 1366, 706, 1369, 1358, 917 
828: 918, 2342, 1360, 1412, 917 
829: 429, 207, 227, 225, 199 
830: 325, 299, 55, 349, 292 
831: 159, 65, 187, 227, 72 
832: 944, 1372, 707, 163, 918 
834: 4821, 198, 11837, 1645, 11042 
835: 952, 917, 2343, 1412, 1249 
836: 89, 55, 288, 289, 295 
837: 1965, 2146, 4865, 772, 418 
838: 65, 227, 53, 190, 81 
839: 198, 500, 503, 1672, 808 
840: 436, 1412, 190, 234, 227 
841: 378, 540, 412, 209, 377 
842: 10893, 11360, 249, 1948, 1640 
843: 4197, 4188, 4212, 4217, 4184 
844: 300, 289, 486, 377, 498 
845: 706, 1360, 1372, 843, 1369 
846: 2037, 227, 2473, 2472, 3443 
847: 466, 295, 292, 300, 89 
848: 211, 418, 1964, 3693, 154 
849: 425, 173, 1048, 533, 225 
850: 998, 59, 51, 187, 75 
851: 349, 306, 701, 466, 300 
852: 299, 302, 461, 701, 300 
853: 67, 295, 89, 288, 289 
854: 825, 813, 842, 849, 829 
855: 428, 229, 154, 227, 424 
856: 228, 229, 226, 190, 227 
858: 291, 55, 349, 302, 461 
859: 466, 300, 292, 67, 289 
860: 9441, 9442, 3351, 9439, 9438 
861: 466, 461, 333, 89, 288 
862: 701, 55, 306, 295, 292 
863: 689, 298, 199, 225, 1048 
864: 300, 1090, 173, 65, 229 
865: 724, 4180, 918, 1360, 732 
868: 378, 377, 67, 65, 72 
869: 706, 1360, 843, 1358, 841 
870: 982, 198, 412, 498, 707 
871: 854, 234, 163, 190, 154 
873: 318, 333, 55, 701, 466 
874: 72, 228, 65, 207, 229 
875: 257, 291, 55, 302, 461 
876: 2488, 154, 1814, 227, 429 
877: 1524, 1356, 918, 1261, 1527 
878: 55, 67, 257, 344, 306 
881: 533, 207, 227, 498, 229 
882: 55, 67, 333, 306, 292 
884: 291, 67, 257, 306, 89 
885: 325, 291, 302, 461, 288 
886: 292, 333, 288, 300, 289 
887: 370, 1994, 506, 920, 1134 
888: 486, 65, 72, 190, 377 
889: 203, 599, 709, 207, 429 
890: 1372, 1358, 2343, 1249, 706 
891: 843, 917, 503, 1044, 517 
893: 17542, 17544, 10879, 5675, 17541 
895: 959, 1249, 917, 706, 227 
896: 229, 209, 1180, 412, 190 
897: 706, 917, 1369, 227, 707 
898: 333, 302, 466, 701, 300 
899: 1036, 6601, 1193, 1040, 470 
900: 369, 2102, 413, 2106, 388 
903: 1672, 2968, 918, 843, 917 
904: 229, 288, 67, 289, 89 
905: 257, 299, 333, 302, 300 
906: 498, 292, 288, 289, 300 
907: 1372, 1369, 2855, 959, 868 
908: 3197, 1714, 9, 1303, 2014 
909: 466, 333, 300, 288, 498 
910: 306, 701, 300, 257, 67 
911: 461, 302, 701, 466, 300 
912: 176, 724, 1358, 1369, 917 
913: 228, 424, 1090, 227, 229 
914: 198, 843, 953, 918, 503 
915: 190, 533, 424, 154, 227 
916: 291, 306, 701, 461, 300 
917: 599, 203, 207, 190, 227 
919: 424, 228, 173, 229, 190 
920: 808, 536, 486, 1180, 498 
921: 2236, 2916, 2241, 2252, 267 
922: 229, 533, 81, 418, 190 
924: 11083, 12404, 11064, 11071, 11077 
925: 163, 207, 159, 65, 190 
926: 6965, 6966, 3536, 22, 6964 
927: 234, 198, 707, 843, 190 
928: 603, 1945, 11209, 2674, 772 
929: 918, 227, 190, 706, 917 
930: 302, 344, 466, 292, 288 
931: 1364, 1358, 1527, 1369, 1360 
932: 67, 157, 998, 51, 72 
933: 65, 533, 190, 227, 229 
934: 234, 735, 1412, 154, 163 
935: 1298, 1304, 1321, 1312, 32 
936: 2690, 2669, 1965, 11126, 2677 
938: 701, 333, 300, 292, 288 
939: 537, 536, 1853, 377, 808 
940: 225, 1090, 424, 207, 229 
941: 466, 498, 288, 289, 300 
942: 466, 300, 295, 292, 289 
943: 163, 234, 228, 65, 154 
946: 1185, 209, 1246, 540, 687 
948: 229, 418, 207, 225, 227 
949: 2200, 2192, 12386, 1181, 2214 
950: 952, 2787, 2343, 1369, 1358 
951: 1302, 1292, 1334, 32, 1321 
952: 55, 306, 300, 292, 288 
953: 67, 498, 292, 333, 289 
954: 159, 1019, 998, 51, 1713 
955: 4919, 17281, 17275, 17280, 17276 
957: 6619, 6630, 6627, 2252, 6631 
958: 466, 89, 292, 289, 300 
959: 99, 998, 193, 1014, 72 
960: 295, 306, 289, 288, 89 
961: 225, 1389, 622, 618, 222 
962: 163, 5301, 4675, 4790, 4784 
963: 300, 295, 292, 288, 289 
964: 230, 190, 288, 289, 333 
965: 333, 302, 306, 701, 288 
966: 257, 291, 299, 461, 89 
967: 209, 412, 498, 500, 1672 
968: 441, 225, 207, 199, 154 
969: 302, 466, 295, 288, 89 
971: 1045, 190, 209, 300, 89 
972: 162, 81, 227, 1418, 6048 
975: 292, 288, 289, 300, 89 
976: 707, 1808, 227, 706, 1249 
977: 163, 207, 234, 65, 533 
978: 4613, 812, 2968, 2172, 2969 
979: 1369, 198, 706, 917, 234 
980: 5331, 5328, 5330, 5347, 5348 
981: 412, 622, 3258, 6769, 4262 
982: 65, 288, 289, 190, 89 
984: 299, 349, 461, 701, 292 
985: 333, 466, 349, 288, 289 
986: 486, 1853, 707, 779, 808 
987: 67, 461, 302, 306, 701 
989: 425, 418, 207, 199, 227 
990: 441, 159, 229, 173, 190 
991: 707, 207, 65, 868, 220 
993: 4086, 16441, 16439, 16438, 16440 
994: 292, 295, 288, 289, 67 
995: 325, 701, 306, 292, 288 
996: 12134, 12135, 4984, 12132, 613 
997: 227, 249, 440, 1627, 199 
998: 302, 461, 295, 466, 292 
999: 163, 152, 300, 89, 190 
1001: 295, 466, 288, 89, 300 
1002: 300, 89, 67, 289, 292 
1003: 72, 300, 295, 292, 288 
1004: 12603, 12606, 12604, 12601, 227 
1005: 1959, 3710, 1963, 1640, 267 
1006: 207, 300, 292, 288, 89 
1007: 3592, 3606, 2457, 3585, 3583 
1008: 15760, 6151, 418, 225, 154 
1009: 207, 533, 65, 228, 209 
1010: 98, 100, 993, 187, 1001 
1011: 288, 289, 89, 300, 333 
1012: 227, 65, 207, 154, 229 
1014: 292, 89, 300, 289, 288 
1015: 1424, 227, 9187, 229, 65 
1016: 434, 618, 199, 154, 217 
1017: 67, 306, 302, 349, 300 
1018: 13726, 1281, 2966, 4971, 820 
1019: 533, 228, 498, 207, 190 
1020: 344, 292, 288, 289, 89 
1021: 733, 1415, 533, 234, 227 
1022: 67, 292, 466, 288, 289 
1023: 299, 291, 461, 701, 292 
1024: 300, 230, 333, 89, 1044 
1025: 706, 1369, 562, 735, 163 
1026: 1044, 918, 841, 503, 917 
1027: 701, 299, 349, 300, 295 
1028: 288, 300, 289, 1246, 333 
1029: 511, 187, 998, 1001, 227 
1030: 14829, 14830, 14827, 3034, 14828 
1032: 8128, 580, 8126, 8123, 2896 
1033: 302, 89, 295, 292, 288 
1034: 349, 89, 295, 289, 288 
1035: 8672, 1504, 154, 3286, 3280 
1036: 228, 229, 163, 65, 207 
1037: 12057, 12059, 11885, 581, 2894 
1038: 1014, 6073, 1892, 1013, 59 
1039: 306, 295, 289, 300, 288 
1040: 1181, 1188, 377, 1672, 816 
1041: 230, 486, 198, 917, 498 
1042: 299, 344, 306, 333, 288 
1044: 12322, 12323, 12318, 12317, 12321 
1046: 349, 325, 333, 306, 289 
1047: 17148, 17151, 12205, 6773, 217 
1049: 65, 229, 533, 225, 154 
1050: 1633, 757, 416, 429, 3693 
1051: 982, 1249, 917, 163, 227 
1052: 424, 190, 229, 207, 154 
1053: 461, 701, 306, 466, 295 
1054: 238, 1098, 1418, 3411, 6756 
1055: 4745, 12945, 8244, 12693, 12692 
1056: 306, 325, 701, 89, 300 
1057: 291, 349, 299, 67, 461 
1058: 325, 701, 333, 466, 300 
1060: 152, 436, 418, 154, 227 
1061: 13270, 13271, 11918, 11917, 8111 
1062: 707, 234, 163, 154, 227 
1063: 424, 429, 227, 207, 154 
1064: 1360, 2347, 917, 1369, 1412 
1065: 55, 67, 701, 466, 289 
1067: 439, 234, 65, 190, 533 
1068: 227, 377, 498, 1513, 230 
1069: 466, 306, 701, 295, 288 
1070: 190, 89, 540, 1246, 377 
1071: 344, 299, 333, 701, 466 
1072: 299, 55, 302, 466, 292 
1073: 2896, 728, 1412, 163, 565 
1074: 154, 959, 187, 1001, 59 
1075: 72, 424, 227, 65, 190 
1076: 1620, 276, 10914, 10398, 617 
1078: 1249, 707, 917, 2343, 732 
1079: 500, 540, 227, 1180, 190 
1080: 299, 302, 461, 333, 466 
1081: 173, 1048, 65, 533, 154 
1082: 10226, 2102, 2111, 300, 289 
1083: 300, 377, 89, 190, 498 
1084: 228, 72, 424, 229, 227 
1085: 162, 6756, 217, 154, 1418 
1086: 2265, 89, 289, 733, 735 
1087: 199, 190, 533, 229, 154 
1088: 1045, 540, 486, 687, 209 
1089: 1072, 1321, 3988, 1303, 72 
1090: 12243, 13545, 13541, 13543, 13544 
1091: 289, 333, 966, 89, 377 
1092: 302, 349, 306, 466, 300 
1093: 188, 920, 918, 707, 917 
1094: 159, 190, 229, 533, 154 
1097: 55, 333, 291, 292, 89 
1098: 1098, 190, 65, 227, 154 
1099: 599, 207, 51, 65, 227 
1100: 11965, 11966, 11955, 11957, 11960 
1101: 2668, 4865, 778, 2161, 744 
1102: 306, 300, 67, 292, 295 
1103: 153, 89, 65, 72, 190 
1104: 701, 299, 349, 89, 288 
1106: 257, 344, 333, 292, 288 
1107: 486, 816, 377, 488, 500 
1108: 1950, 2670, 748, 1945, 2668 
1109: 299, 466, 701, 300, 292 
1110: 1358, 503, 198, 920, 917 
1111: 11295, 11291, 9516, 1185, 4774 
1112: 5207, 5210, 5201, 5204, 5206 
1113: 466, 701, 67, 306, 300 
1114: 227, 498, 228, 229, 89 
1115: 187, 193, 997, 1014, 1001 
1116: 11073, 11075, 11068, 11065, 11072 
1118: 4236, 4238, 4227, 4234, 4235 
1119: 289, 190, 89, 300, 333 
1120: 306, 300, 257, 289, 288 
1121: 17098, 17099, 12439, 17097, 17096 
1122: 701, 306, 295, 292, 300 
1123: 4188, 154, 4092, 3364, 4185 
1124: 325, 55, 306, 302, 701 
1125: 32, 10162, 1203, 9, 4873 
1126: 377, 230, 1249, 234, 198 
1128: 302, 466, 292, 288, 89 
1130: 159, 424, 227, 207, 229 
1131: 302, 325, 344, 701, 466 
1132: 299, 302, 466, 288, 289 
1133: 425, 533, 228, 65, 229 
1134: 377, 289, 230, 229, 89 
1135: 67, 333, 461, 300, 289 
1136: 67, 701, 295, 292, 300 
1137: 466, 302, 257, 300, 89 
1138: 917, 707, 1131, 190, 1412 
1139: 333, 306, 466, 300, 292 
1140: 618, 2424, 4079, 3693, 227 
1143: 466, 292, 295, 288, 289 
1144: 6958, 565, 581, 2896, 8111 
1145: 302, 306, 701, 461, 300 
1146: 295, 300, 288, 333, 89 
1147: 923, 918, 930, 917, 707 
1148: 993, 1001, 1013, 51, 997 
1149: 441, 59, 163, 159, 72 
1150: 3609, 3590, 3585, 3588, 2467 
1151: 4745, 12945, 12034, 7754, 8724 
1152: 203, 4064, 429, 227, 11232 
1153: 424, 163, 203, 511, 154 
1154: 13365, 13366, 7507, 5521, 5497 
1155: 1956, 10552, 14226, 3693, 1948 
1156: 225, 207, 418, 227, 173 
1157: 1145, 1672, 2940, 498, 377 
1158: 497, 1188, 830, 808, 1672 
1159: 1369, 1358, 614, 841, 198 
1160: 536, 1186, 537, 816, 500 
1161: 292, 333, 1910, 289, 288 
1163: 99, 1014, 1001, 187, 72 
1164: 15240, 15243, 15238, 67, 89 
1165: 424, 220, 207, 234, 190 
1166: 7951, 7952, 7948, 7950, 7949 
1167: 418, 7023, 3520, 603, 154 
1170: 424, 65, 190, 207, 229 
1171: 466, 302, 349, 701, 300 
1172: 4332, 4334, 4327, 4330, 4328 
1173: 229, 51, 227, 599, 159 
1174: 176, 918, 2787, 952, 1360 
1176: 493, 810, 497, 813, 498 
1177: 7780, 12691, 8013, 1725, 12030 
1178: 701, 295, 333, 288, 89 
1179: 349, 679, 67, 302, 333 
1180: 466, 300, 292, 289, 288 
1181: 59, 418, 3411, 3280, 3294 
1182: 444, 190, 227, 238, 748 
1183: 498, 808, 1672, 1188, 779 
1184: 299, 333, 349, 466, 300 
1185: 300, 292, 55, 288, 89 
1186: 299, 461, 333, 306, 55 
1187: 429, 554, 212, 599, 154 
1188: 466, 689, 300, 292, 67 
1189: 318, 344, 291, 257, 300 
1190: 227, 229, 207, 225, 1398 
1191: 154, 959, 1412, 234, 65 
1192: 65, 190, 707, 1412, 154 
1193: 15381, 15383, 15380, 3625, 1987 
1194: 689, 229, 227, 173, 190 
1195: 13704, 13705, 6910, 2282, 440 
1196: 154, 227, 706, 190, 377 
1197: 333, 701, 295, 466, 300 
1198: 55, 67, 701, 302, 295 
1199: 562, 2635, 2631, 735, 212 
1200: 562, 229, 234, 207, 65 
1202: 1892, 999, 193, 997, 72 
1204: 1640, 10518, 772, 744, 11209 
1205: 6215, 6220, 6208, 6207, 6212 
1206: 2342, 163, 918, 1360, 1412 
1207: 1372, 1412, 227, 707, 163 
1209: 59, 998, 1027, 993, 997 
1210: 61, 1019, 99, 997, 51 
1211: 429, 3280, 441, 159, 51 
1212: 225, 234, 424, 190, 207 
1213: 13192, 16607, 13183, 13182, 13186 
1214: 918, 497, 978, 917, 198 
1215: 295, 292, 288, 289, 89 
1216: 1186, 536, 377, 537, 540 
1217: 11414, 11415, 9882, 10618, 217 
1219: 292, 154, 300, 288, 89 
1220: 289, 207, 190, 154, 89 
1221: 16873, 16874, 16872, 6560, 4197 
1222: 466, 257, 55, 300, 288 
1223: 868, 154, 511, 599, 959 
1224: 11921, 11916, 11923, 8120, 8808 
1225: 51, 59, 1072, 75, 1001 
1226: 291, 349, 302, 306, 295 
1228: 868, 917, 1369, 854, 227 
1229: 349, 701, 89, 292, 289 
1230: 1770, 6169, 6163, 6168, 3216 
1231: 562, 707, 227, 1369, 163 
1232: 187, 1001, 997, 1013, 72 
1233: 306, 300, 466, 295, 292 
1234: 300, 295, 292, 89, 67 
1235: 159, 229, 72, 190, 227 
1236: 1854, 978, 190, 198, 707 
1237: 289, 1090, 65, 190, 229 
1238: 424, 225, 190, 533, 207 
1239: 228, 229, 207, 190, 154 
1240: 7384, 7385, 7378, 7383, 2542 
1242: 1369, 918, 227, 917, 707 
1243: 198, 227, 220, 226, 707 
1244: 72, 533, 203, 154, 429 
1245: 687, 377, 536, 537, 412 
1246: 333, 300, 295, 288, 89 
1247: 257, 299, 302, 306, 292 
1248: 89, 295, 300, 288, 289 
1249: 868, 735, 599, 1412, 163 
1253: 67, 302, 306, 333, 288 
1254: 18326, 11020, 6945, 163, 2312 
1255: 227, 65, 288, 154, 67 
1256: 533, 228, 154, 190, 227 
1258: 59, 1083, 227, 875, 599 
1259: 378, 209, 198, 488, 377 
1261: 173, 207, 229, 190, 227 
1262: 12231, 12232, 9837, 9838, 12230 
1263: 461, 333, 349, 306, 466 
1264: 2346, 868, 707, 154, 227 
1265: 8869, 8871, 8865, 429, 418 
1267: 198, 190, 220, 1672, 227 
1270: 230, 209, 229, 540, 498 
1271: 13953, 16317, 10889, 3539, 13587 
1272: 302, 306, 295, 461, 333 
1273: 65, 207, 229, 173, 190 
1274: 1360, 917, 959, 735, 706 
1275: 1412, 65, 533, 207, 154 
1276: 17181, 17182, 11788, 10674, 4107 
1277: 424, 228, 207, 227, 65 
1278: 299, 302, 461, 292, 289 
1279: 1400, 533, 173, 424, 228 
1280: 207, 89, 429, 65, 227 
1281: 917, 163, 234, 966, 707 
1282: 228, 288, 227, 173, 89 
1283: 302, 295, 466, 461, 300 
1284: 2688, 2677, 756, 2146, 2670 
1286: 6217, 440, 429, 199, 154 
1287: 1254, 1214, 7918, 28, 47 
1288: 289, 498, 735, 300, 89 
1289: 199, 11999, 2281, 13053, 418 
1290: 15776, 11281, 13748, 1375, 16952 
1291: 292, 295, 289, 89, 67 
1292: 344, 292, 289, 288, 89 
1293: 190, 500, 378, 486, 377 
1294: 344, 295, 333, 466, 288 
1295: 65, 190, 228, 229, 154 
1296: 11816, 11818, 11815, 2172, 10091 
1298: 291, 349, 302, 306, 295 
1299: 306, 291, 466, 295, 288 
1300: 299, 461, 701, 349, 89 
1301: 701, 333, 466, 67, 300 
1302: 1090, 225, 228, 424, 207 
1303: 1090, 199, 227, 424, 154 
1304: 306, 701, 295, 292, 461 
1305: 349, 299, 302, 461, 300 
1308: 306, 300, 67, 89, 288 
1309: 982, 854, 227, 154, 234 
1310: 295, 89, 300, 292, 288 
1311: 67, 300, 349, 289, 295 
1312: 488, 1854, 1180, 1672, 377 
1313: 3258, 418, 3691, 154, 199 
1315: 10363, 13915, 1841, 10351, 10336 
1316: 67, 295, 292, 466, 288 
1318: 344, 461, 333, 300, 89 
1319: 173, 1090, 424, 234, 229 
1321: 1090, 228, 154, 207, 227 
1322: 6569, 1994, 1134, 4787, 152 
1323: 1046, 1246, 536, 377, 540 
1324: 8326, 1134, 188, 16437, 28 
1325: 13752, 13755, 2484, 13751, 13750 
1327: 193, 68, 51, 998, 997 
1329: 424, 225, 207, 154, 227 
1330: 15772, 15773, 10134, 10363, 10351 
1331: 207, 868, 1412, 154, 227 
1332: 333, 302, 701, 292, 288 
1333: 429, 199, 424, 207, 154 
1335: 6157, 6162, 3510, 6152, 6154 
1336: 59, 65, 190, 227, 154 
1337: 292, 65, 227, 288, 154 
1339: 412, 486, 209, 173, 89 
1340: 4200, 4202, 4190, 4187, 4192 
1342: 868, 918, 1372, 917, 1369 
1343: 1803, 163, 1358, 1412, 917 
1345: 868, 735, 163, 599, 1412 
1346: 289, 288, 89, 300, 498 
1347: 6958, 8111, 580, 8126, 581 
1348: 302, 295, 466, 292, 300 
1349: 228, 229, 227, 65, 207 
1350: 2343, 1360, 163, 707, 1372 
1351: 344, 701, 306, 295, 292 
1352: 707, 190, 503, 846, 1131 
1353: 497, 1044, 498, 816, 500 
1354: 429, 1090, 229, 227, 225 
1355: 211, 618, 217, 199, 154 
1356: 318, 344, 257, 306, 289 
1357: 2894, 577, 2896, 580, 581 
1358: 953, 843, 923, 503, 917 
1360: 622, 227, 225, 440, 154 
1362: 1513, 220, 1369, 1412, 707 
1363: 377, 230, 1180, 1043, 816 
1364: 581, 2842, 565, 4251, 2894 
1365: 299, 349, 300, 292, 289 
1366: 295, 333, 498, 289, 288 
1367: 292, 300, 289, 288, 1640 
1368: 701, 306, 466, 67, 289 
1369: 302, 295, 292, 89, 289 
1371: 3807, 1541, 17323, 17320, 17324 
1372: 1400, 234, 533, 228, 154 
1373: 12692, 12693, 8724, 8244, 11217 
1374: 486, 198, 190, 707, 377 
1375: 920, 918, 917, 188, 707 
1376: 89, 377, 209, 190, 498 
1377: 15055, 6772, 498, 1181, 412 
1378: 6910, 429, 440, 599, 154 
1379: 291, 295, 292, 288, 289 
1380: 227, 209, 230, 377, 190 
1381: 1098, 207, 228, 190, 154 
1382: 1946, 2931, 1605, 2921, 1952 
1383: 533, 1090, 225, 229, 227 
1384: 173, 207, 154, 227, 190 
1385: 333, 292, 466, 300, 288 
1386: 9046, 9043, 9041, 9042, 9048 
1387: 289, 498, 333, 300, 89 
1388: 306, 295, 292, 461, 333 
1389: 173, 228, 1090, 424, 154 
1390: 65, 225, 228, 190, 229 
1393: 13, 1312, 32, 4871, 1303 
1394: 55, 461, 701, 333, 306 
1395: 622, 1950, 225, 207, 1964 
1396: 954, 1261, 1523, 843, 1412 
1397: 3474, 1358, 732, 1803, 1360 
1398: 1378, 536, 378, 486, 498 
1399: 344, 306, 89, 466, 289 
1401: 300, 292, 295, 89, 289 
1402: 599, 1372, 562, 735, 1412 
1403: 466, 292, 288, 89, 498 
1404: 222, 4079, 429, 227, 618 
1405: 424, 227, 225, 622, 154 
1406: 65, 229, 199, 227, 207 
1407: 716, 220, 173, 429, 207 
1408: 6630, 6627, 6634, 6628, 6625 
1410: 291, 295, 292, 344, 300 
1411: 533, 511, 735, 190, 227 
1413: 679, 325, 257, 349, 461 
1414: 230, 154, 209, 229, 486 
1416: 65, 190, 424, 207, 154 
1418: 295, 461, 288, 289, 300 
1419: 486, 230, 498, 190, 65 
1420: 533, 229, 199, 439, 424 
1421: 13014, 13015, 13013, 159, 154 
1422: 377, 207, 227, 229, 154 
1423: 349, 302, 461, 701, 306 
1424: 228, 533, 424, 207, 229 
1425: 4704, 425, 1098, 89, 2521 
1426: 5373, 5371, 5368, 5370, 5382 
1427: 193, 999, 993, 599, 59 
1428: 198, 1358, 227, 1249, 707 
1429: 67, 701, 295, 292, 288 
1430: 424, 228, 207, 533, 190 
1431: 300, 701, 288, 295, 292 
1432: 159, 82, 187, 1001, 1013 
1433: 292, 295, 300, 288, 89 
1434: 349, 55, 302, 300, 295 
1435: 701, 349, 67, 300, 292 
1437: 302, 701, 333, 295, 292 
1438: 225, 439, 190, 65, 207 
1439: 220, 163, 234, 207, 65 
1440: 55, 89, 288, 292, 295 
1441: 65, 190, 533, 1090, 228 
1442: 1180, 823, 804, 816, 779 
1443: 234, 1369, 735, 2346, 227 
1444: 1672, 1043, 1186, 687, 209 
1445: 701, 466, 295, 89, 289 
1446: 344, 701, 295, 292, 289 
1447: 349, 344, 302, 701, 292 
1449: 554, 868, 1412, 163, 735 
1450: 412, 190, 1246, 687, 498 
1451: 333, 466, 89, 292, 288 
1452: 344, 466, 289, 89, 300 
1453: 55, 302, 300, 292, 288 
1454: 999, 993, 159, 1014, 51 
1455: 67, 302, 306, 701, 300 
1456: 511, 159, 154, 1001, 59 
1457: 257, 349, 291, 333, 89 
1458: 302, 466, 701, 300, 292 
1459: 6951, 2312, 154, 6948, 6945 
1461: 701, 295, 333, 292, 300 
1462: 306, 498, 292, 288, 300 
1463: 190, 8580, 8579, 84, 154 
1464: 16390, 16392, 13904, 16388, 16389 
1465: 498, 292, 333, 89, 289 
1466: 325, 306, 701, 466, 292 
1467: 67, 295, 288, 498, 89 
1469: 292, 333, 498, 288, 289 
1470: 207, 1964, 225, 429, 622 
1471: 67, 701, 333, 89, 289 
1472: 65, 378, 486, 173, 1104 
1473: 333, 300, 289, 288, 89 
1474: 2670, 2672, 11209, 11205, 4865 
1475: 89, 289, 292, 295, 288 
1476: 302, 701, 306, 295, 292 
1477: 15783, 15785, 15779, 15780, 15781 
1478: 333, 295, 89, 300, 289 
1479: 839, 1541, 809, 825, 4944 
1480: 466, 498, 288, 300, 289 
1481: 154, 65, 533, 227, 1048 
1483: 461, 292, 230, 288, 89 
1484: 11851, 11853, 5101, 10573, 5107 
1485: 701, 300, 295, 292, 89 
1486: 229, 190, 533, 154, 227 
1488: 954, 1364, 1358, 1360, 707 
1489: 466, 333, 300, 295, 89 
1490: 9761, 808, 707, 978, 830 
1491: 199, 65, 190, 229, 154 
1492: 295, 292, 333, 288, 289 
1493: 10091, 1533, 1214, 1281, 1549 
1494: 289, 154, 190, 67, 89 
1495: 11482, 1418, 1423, 6759, 8680 
1496: 207, 65, 190, 173, 159 
1497: 7803, 7805, 7793, 7794, 4790 
1498: 187, 511, 227, 154, 59 
1499: 5371, 5372, 3602, 5370, 5368 
1500: 1336, 1302, 1312, 1292, 4871 
1501: 4002, 1541, 1552, 831, 1542 
1502: 1098, 64, 65, 173, 154 
1503: 292, 67, 300, 289, 288 
1504: 17508, 53, 6047, 16062, 16063 
1505: 877, 99, 190, 998, 1713 
1506: 1090, 418, 424, 227, 207 
1507: 2919, 2236, 15923, 2252, 2916 
1508: 89, 1090, 220, 228, 190 
1509: 302, 306, 292, 466, 289 
1511: 291, 701, 89, 466, 288 
1513: 228, 65, 207, 227, 154 
1514: 999, 159, 99, 1072, 998 
1515: 466, 89, 300, 292, 289 
1516: 466, 300, 295, 292, 289 
1517: 466, 701, 89, 292, 289 
1518: 225, 203, 441, 227, 154 
1519: 466, 230, 300, 89, 498 
1520: 1400, 234, 228, 424, 65 
1521: 349, 325, 302, 333, 89 
1522: 220, 424, 533, 207, 154 
1524: 65, 228, 229, 190, 207 
1525: 701, 291, 344, 295, 333 
1527: 498, 154, 225, 1090, 424 
1528: 257, 325, 67, 302, 288 
1530: 918, 163, 227, 917, 234 
1531: 9207, 7918, 7917, 917, 1360 
1532: 299, 291, 466, 306, 292 
1533: 701, 302, 292, 289, 288 
1534: 707, 1412, 154, 227, 190 
1535: 288, 466, 289, 89, 300 
1536: 1364, 918, 707, 1369, 917 
1537: 288, 289, 333, 89, 498 
1538: 163, 225, 1090, 65, 207 
1539: 228, 533, 1048, 154, 229 
1540: 67, 466, 295, 292, 289 
1541: 98, 599, 159, 187, 997 
1542: 159, 511, 190, 229, 51 
1543: 1369, 1350, 942, 707, 918 
1544: 295, 333, 300, 288, 498 
1545: 424, 173, 533, 190, 207 
1546: 199, 533, 228, 424, 227 
1547: 65, 1090, 424, 190, 154 
1549: 190, 533, 228, 229, 154 
1551: 1334, 1336, 1335, 1302, 1295 
1552: 300, 89, 289, 292, 295 
1553: 295, 300, 292, 289, 89 
1554: 154, 212, 706, 959, 868 
1555: 333, 461, 302, 299, 466 
1556: 4610, 3272, 2370, 917, 2006 
1557: 2691, 2688, 778, 2161, 2671 
1558: 306, 461, 466, 292, 333 
1559: 289, 89, 190, 65, 498 
1560: 55, 302, 349, 461, 333 
1562: 288, 190, 300, 289, 227 
1563: 300, 89, 295, 288, 292 
1564: 299, 333, 701, 461, 89 
1565: 425, 173, 533, 65, 227 
1566: 203, 173, 1048, 1400, 65 
1567: 292, 300, 89, 288, 289 
1568: 344, 302, 306, 466, 300 
1570: 300, 288, 289, 689, 89 
1572: 679, 352, 257, 55, 306 
1573: 225, 190, 228, 1048, 154 
1574: 228, 424, 229, 227, 190 
1575: 1415, 212, 733, 868, 163 
1576: 300, 67, 292, 288, 89 
1577: 306, 466, 295, 292, 289 
1578: 333, 55, 257, 302, 701 
1579: 199, 65, 190, 225, 229 
1580: 291, 466, 295, 292, 289 
1581: 225, 227, 207, 229, 154 
1582: 1246, 217, 6294, 190, 412 
1583: 207, 228, 229, 190, 227 
1584: 378, 190, 89, 209, 498 
1585: 997, 998, 1001, 59, 187 
1586: 947, 1364, 724, 1372, 706 
1587: 533, 207, 227, 190, 65 
1588: 2437, 2443, 2436, 3588, 3593 
1589: 198, 816, 4003, 815, 813 
1590: 333, 257, 299, 302, 300 
1591: 302, 306, 466, 300, 288 
1592: 163, 190, 1412, 227, 198 
1593: 306, 300, 349, 299, 89 
1594: 220, 228, 190, 533, 227 
1595: 533, 99, 868, 154, 51 
1596: 212, 728, 917, 707, 868 
1597: 533, 207, 229, 190, 227 
1599: 5132, 5134, 5125, 5128, 5131 
1600: 55, 461, 67, 701, 306 
1601: 3453, 3454, 3437, 3449, 3452 
1604: 198, 1295, 9, 3188, 3244 
1605: 461, 67, 300, 89, 292 
1606: 306, 701, 295, 89, 289 
1607: 295, 89, 466, 300, 288 
1608: 461, 302, 701, 306, 466 
1613: 1180, 488, 1854, 497, 377 
1614: 292, 295, 300, 288, 289 
1615: 207, 65, 154, 498, 190 
1616: 291, 306, 300, 89, 292 
1617: 1414, 562, 163, 212, 735 
1618: 9501, 98, 997, 9256, 1886 
1619: 234, 917, 190, 843, 707 
1620: 498, 300, 190, 154, 288 
1621: 89, 288, 295, 292, 289 
1622: 3296, 2629, 1242, 227, 735 
1623: 198, 506, 707, 1131, 917 
1624: 14347, 440, 703, 217, 418 
1625: 18028, 15679, 13563, 6755, 18038 
1626: 599, 229, 190, 533, 65 
1627: 918, 724, 562, 1360, 1358 
1628: 67, 344, 325, 295, 466 
1629: 959, 67, 89, 707, 227 
1630: 207, 65, 190, 227, 154 
1632: 302, 333, 701, 292, 295 
1633: 291, 257, 333, 306, 300 
1635: 159, 173, 424, 207, 229 
1636: 302, 461, 292, 295, 289 
1637: 65, 207, 227, 229, 154 
1638: 6161, 418, 1737, 6179, 6159 
1639: 1249, 1372, 1369, 706, 1412 
1640: 2342, 2343, 843, 917, 707 
1641: 51, 163, 59, 154, 72 
1642: 14755, 14756, 11202, 14751, 14753 
1643: 599, 2562, 157, 72, 67 
1644: 1249, 1372, 735, 227, 1412 
1646: 302, 466, 55, 67, 288 
1647: 302, 306, 466, 295, 289 
1648: 302, 333, 701, 306, 292 
1649: 701, 306, 461, 333, 289 
1650: 159, 599, 429, 857, 154 
1652: 306, 466, 333, 288, 289 
1653: 173, 227, 59, 599, 154 
1654: 227, 434, 199, 440, 154 
1655: 1113, 918, 1369, 917, 707 
1656: 228, 190, 229, 207, 154 
1657: 4865, 154, 1945, 744, 603 
1658: 288, 289, 498, 300, 89 
1659: 333, 349, 299, 306, 288 
1660: 234, 1358, 1372, 706, 707 
1661: 288, 289, 65, 300, 89 
1662: 289, 331, 288, 292, 295 
1663: 325, 299, 291, 302, 289 
1664: 209, 12030, 230, 1043, 333 
1665: 493, 378, 486, 966, 498 
1666: 325, 302, 461, 295, 288 
1667: 227, 229, 207, 533, 190 
1669: 2332, 154, 2301, 2324, 190 
1670: 498, 371, 978, 4439, 493 
1671: 2342, 1527, 1372, 917, 1369 
1672: 207, 225, 159, 429, 227 
1674: 67, 498, 333, 300, 288 
1675: 1038, 466, 344, 300, 333 
1676: 229, 173, 220, 190, 154 
1677: 4234, 498, 4229, 4226, 4237 
1678: 299, 55, 291, 344, 288 
1679: 50, 1300, 487, 1295, 173 
1680: 6952, 6960, 6951, 2300, 154 
1682: 288, 229, 300, 89, 498 
1683: 89, 498, 533, 424, 65 
1684: 67, 461, 466, 333, 292 
1685: 533, 1090, 65, 229, 190 
1686: 292, 466, 288, 333, 289 
1687: 679, 299, 291, 67, 466 
1688: 425, 190, 229, 173, 418 
1689: 2538, 1945, 2139, 616, 440 
1690: 306, 55, 295, 466, 292 
1691: 225, 227, 65, 229, 190 
1692: 701, 333, 295, 292, 300 
1693: 349, 302, 461, 466, 288 
1694: 2916, 2252, 1641, 6900, 2923 
1695: 1048, 229, 1090, 225, 424 
1696: 918, 706, 1358, 1412, 1369 
1697: 3139, 3140, 3136, 3134, 3137 
1699: 67, 302, 466, 300, 292 
1700: 12112, 12113, 12111, 418, 227 
1701: 4189, 3258, 154, 3616, 217 
1702: 2855, 2787, 4251, 735, 163 
1703: 230, 190, 198, 706, 498 
1704: 295, 67, 288, 292, 289 
1705: 190, 533, 229, 154, 207 
1706: 2086, 289, 67, 288, 375 
1707: 220, 562, 1412, 163, 227 
1708: 190, 228, 424, 207, 229 
1709: 706, 562, 868, 735, 1412 
1710: 6965, 6966, 22, 6964, 3536 
1711: 203, 441, 159, 154, 227 
1712: 706, 220, 854, 614, 227 
1715: 466, 701, 300, 67, 292 
1717: 55, 701, 333, 302, 89 
1718: 466, 295, 292, 289, 288 
1719: 16251, 16442, 2118, 9002, 2086 
1720: 11851, 11853, 5101, 5107, 10573 
1721: 7199, 7200, 7197, 7198, 5382 
1722: 333, 349, 292, 289, 288 
1723: 13584, 13585, 11268, 10970, 11646 
1724: 1090, 207, 227, 190, 154 
1725: 302, 333, 461, 306, 292 
1726: 325, 333, 349, 701, 466 
1727: 227, 1090, 424, 229, 154 
1728: 441, 227, 238, 229, 159 
1729: 229, 227, 199, 429, 154 
1730: 302, 333, 701, 306, 466 
1732: 599, 227, 618, 199, 154 
1733: 1044, 503, 706, 1358, 918 
1734: 701, 333, 306, 466, 300 
1736: 302, 306, 295, 300, 289 
1737: 14689, 14691, 14685, 14686, 14688 
1740: 190, 17956, 2668, 65, 227 
1741: 228, 154, 65, 229, 89 
1742: 461, 55, 306, 701, 288 
1743: 11294, 6012, 500, 2621, 4166 
1744: 228, 154, 533, 190, 229 
1745: 779, 498, 1853, 1187, 2850 
1746: 1090, 424, 65, 190, 227 
1747: 206, 418, 616, 748, 154 
1748: 302, 292, 333, 289, 89 
1749: 707, 1249, 163, 1412, 706 
1751: 11610, 11615, 11605, 11608, 11606 
1752: 67, 173, 64, 89, 190 
1753: 291, 349, 55, 333, 289 
1754: 843, 1372, 706, 1412, 1358 
1755: 3534, 12334, 3508, 1943, 3694 
1757: 461, 466, 295, 300, 289 
1759: 815, 1672, 493, 707, 1044 
1760: 65, 706, 227, 190, 707 
1761: 1823, 1830, 1139, 1819, 1822 
1762: 55, 299, 291, 349, 461 
1764: 3691, 1964, 196, 418, 440 
1765: 701, 67, 466, 292, 295 
1766: 344, 299, 302, 306, 89 
1768: 67, 701, 295, 300, 89 
1769: 306, 344, 295, 292, 89 
1770: 2905, 475, 300, 288, 89 
1771: 306, 333, 295, 292, 289 
1772: 229, 65, 190, 207, 227 
1773: 701, 67, 300, 295, 289 
1774: 1186, 209, 808, 498, 500 
1775: 3908, 3917, 3906, 3907, 3913 
1776: 306, 302, 701, 295, 300 
1777: 13193, 13195, 10720, 13188, 13190 
1778: 65, 228, 227, 190, 207 
1779: 10676, 16441, 16438, 16439, 16440 
1780: 294, 679, 318, 295, 300 
1781: 581, 599, 2894, 580, 2896 
1782: 89, 295, 292, 288, 289 
1783: 65, 735, 424, 706, 154 
1784: 1246, 300, 207, 1043, 89 
1785: 533, 173, 1090, 65, 227 
1786: 701, 333, 461, 295, 466 
1787: 207, 707, 159, 220, 163 
1788: 67, 302, 333, 461, 289 
1789: 229, 225, 440, 418, 154 
1790: 292, 67, 295, 288, 89 
1791: 302, 349, 289, 295, 288 
1792: 5172, 1411, 706, 728, 1369 
1793: 18640, 18641, 16694, 16083, 9830 
1794: 1180, 498, 537, 497, 486 
1795: 333, 349, 701, 67, 466 
1796: 424, 227, 89, 65, 190 
1797: 228, 533, 207, 190, 154 
1798: 533, 229, 159, 72, 154 
1799: 55, 67, 302, 701, 289 
1800: 8780, 8783, 8779, 8777, 89 
1801: 2672, 2670, 2675, 2161, 772 
1802: 11552, 190, 1043, 227, 3616 
1803: 701, 466, 292, 288, 289 
1804: 65, 207, 229, 190, 230 
1805: 199, 234, 207, 429, 154 
1806: 225, 65, 190, 207, 418 
1807: 11611, 11614, 11612, 10890, 11613 
1808: 349, 302, 291, 466, 292 
1809: 966, 500, 486, 198, 707 
1810: 461, 302, 349, 295, 292 
1811: 55, 466, 306, 300, 292 
1813: 299, 306, 701, 466, 89 
1814: 220, 228, 533, 207, 227 
1815: 199, 533, 190, 207, 225 
1816: 439, 65, 207, 227, 154 
1817: 154, 289, 229, 65, 89 
1818: 159, 227, 511, 187, 72 
1819: 306, 300, 289, 295, 288 
1820: 325, 55, 349, 461, 306 
1821: 544, 352, 349, 302, 89 
1822: 4212, 10753, 4213, 4219, 4188 
1823: 230, 289, 89, 333, 498 
1824: 234, 868, 163, 207, 154 
1825: 230, 289, 300, 1672, 377 
1826: 498, 67, 295, 333, 292 
1827: 37, 12505, 41, 12508, 4873 
1828: 461, 55, 306, 466, 89 
1829: 306, 466, 295, 89, 288 
1830: 424, 533, 65, 229, 227 
1831: 203, 199, 228, 229, 1090 
1832: 1048, 199, 225, 533, 65 
1833: 302, 67, 466, 306, 300 
1834: 292, 466, 289, 300, 461 
1835: 159, 59, 65, 154, 173 
1836: 5958, 154, 6597, 228, 227 
1838: 300, 190, 292, 295, 289 
1839: 3476, 707, 918, 706, 1360 
1840: 55, 295, 288, 89, 292 
1841: 7458, 7459, 7455, 1303, 9 
1842: 230, 500, 190, 498, 198 
1844: 228, 65, 227, 190, 89 
1845: 72, 1372, 1369, 163, 67 
1846: 701, 295, 292, 466, 333 
1847: 5361, 8112, 5343, 5342, 5327 
1848: 14355, 14357, 14348, 14351, 14349 
1850: 466, 701, 300, 89, 292 
1851: 306, 344, 701, 295, 288 
1852: 300, 288, 67, 292, 289 
1853: 207, 229, 199, 190, 154 
1854: 12436, 12437, 12432, 12435, 12433 
1855: 424, 1090, 229, 154, 207 
1856: 466, 300, 89, 295, 288 
1857: 4200, 4202, 4187, 4190, 4192 
1858: 706, 724, 707, 1369, 918 
1859: 199, 159, 599, 227, 154 
1860: 706, 954, 2342, 841, 1369 
1861: 13615, 13617, 1962, 8921, 13614 
1862: 190, 1400, 229, 227, 154 
1863: 55, 299, 349, 302, 306 
1864: 2864, 2894, 581, 728, 565 
1865: 7, 1044, 198, 3556, 707 
1866: 65, 959, 220, 72, 154 
1867: 4838, 4839, 4829, 4836, 4835 
1868: 724, 1360, 707, 1412, 1372 
1869: 11336, 11337, 285, 292, 89 
1871: 701, 302, 349, 300, 89 
1872: 289, 288, 89, 466, 498 
1873: 466, 302, 701, 300, 292 
1874: 1946, 616, 772, 1945, 603 
1875: 425, 429, 227, 229, 190 
1877: 154, 424, 229, 190, 227 
1879: 917, 868, 982, 226, 234 
1880: 701, 461, 295, 292, 289 
1881: 55, 292, 288, 295, 89 
1882: 14249, 14250, 14246, 14247, 10910 
1883: 154, 227, 59, 429, 3294 
1885: 7380, 11482, 154, 444, 1744 
1887: 854, 944, 917, 152, 188 
1888: 163, 220, 190, 207, 154 
1889: 1426, 16139, 16138, 728, 163 
1890: 514, 9793, 12538, 12774, 12776 
1891: 2174, 603, 2145, 2675, 778 
1892: 207, 89, 190, 498, 227 
1894: 306, 701, 302, 466, 295 
1895: 291, 333, 299, 466, 295 
1896: 825, 4937, 1853, 1181, 816 
1897: 1613, 1372, 1249, 1360, 917 
1898: 55, 67, 306, 295, 288 
1899: 55, 466, 333, 300, 67 
1900: 2531, 998, 1886, 429, 72 
1902: 295, 292, 375, 3324, 2095 
1903: 302, 306, 466, 701, 300 
1904: 10902, 15033, 3110, 212, 227 
1905: 203, 199, 207, 227, 154 
1906: 229, 378, 288, 300, 498 
1907: 15080, 15082, 15075, 15076, 15078 
1908: 466, 333, 257, 306, 300 
1909: 306, 701, 466, 292, 288 
1910: 288, 65, 154, 289, 689 
1911: 533, 425, 190, 228, 225 
1912: 10871, 10874, 3039, 7759, 5679 
1914: 212, 7056, 728, 735, 11885 
1915: 295, 67, 292, 288, 289 
1917: 295, 466, 292, 300, 289 
1918: 228, 498, 229, 190, 227 
1919: 154, 533, 229, 1090, 207 
1920: 1246, 300, 229, 190, 498 
1921: 89, 461, 486, 300, 333 
1922: 425, 229, 1090, 199, 227 
1923: 190, 917, 234, 198, 707 
1924: 229, 333, 190, 289, 300 
1925: 500, 2204, 1853, 1180, 1188 
1926: 1098, 173, 72, 154, 81 
1928: 289, 2337, 292, 154, 295 
1929: 51, 159, 1369, 1412, 227 
1930: 2093, 5110, 2096, 397, 1915 
1931: 288, 190, 229, 89, 154 
1933: 866, 154, 863, 159, 227 
1934: 10229, 10230, 10227, 2111, 1919 
1935: 537, 209, 808, 536, 493 
1936: 190, 65, 424, 714, 227 
1937: 300, 227, 333, 289, 89 
1938: 225, 228, 207, 154, 227 
1939: 17713, 17714, 17485, 1912, 15325 
1941: 471, 230, 412, 1246, 498 
1942: 51, 187, 511, 1061, 1001 
1944: 706, 843, 1369, 841, 1358 
1946: 466, 701, 67, 89, 289 
1947: 207, 229, 173, 65, 154 
1948: 466, 288, 289, 89, 333 
1949: 716, 65, 428, 225, 190 
1950: 207, 173, 65, 227, 229 
1951: 229, 230, 227, 4194, 4213 
1952: 533, 65, 228, 229, 190 
1954: 306, 300, 89, 289, 288 
1955: 207, 65, 190, 418, 228 
1956: 9088, 9091, 1157, 9089, 2116 
1957: 2436, 3593, 2467, 2455, 3585 
1958: 225, 207, 203, 441, 154 
1959: 67, 291, 701, 461, 89 
1961: 306, 461, 466, 295, 292 
1962: 429, 441, 7190, 154, 17619 
1963: 333, 701, 89, 300, 289 
1964: 1090, 225, 207, 227, 154 
1965: 299, 701, 55, 349, 89 
1966: 227, 486, 229, 377, 498 
1968: 2347, 959, 2343, 163, 918 
1969: 6887, 2252, 278, 2921, 2931 
1971: 8921, 1962, 13611, 13612, 8931 
1972: 16215, 18706, 4122, 11377, 748 
1973: 466, 306, 55, 300, 89 
1974: 154, 1412, 220, 234, 190 
1975: 2668, 603, 2146, 1945, 616 
1976: 6948, 8450, 6955, 6953, 6956 
1977: 632, 1098, 173, 444, 229 
1978: 724, 1366, 2787, 2343, 1369 
1979: 466, 300, 295, 288, 289 
1980: 228, 207, 65, 229, 154 
1981: 217, 1375, 228, 154, 229 
1982: 227, 418, 72, 190, 154 
1983: 349, 67, 300, 89, 292 
1984: 918, 2379, 198, 503, 707 
1986: 732, 1249, 1527, 1372, 707 
1987: 3668, 3669, 599, 154, 227 
1988: 302, 295, 466, 292, 289 
1989: 15663, 15664, 1907, 11455, 4976 
1990: 1948, 1959, 276, 267, 1640 
1991: 1622, 14226, 10552, 1952, 267 
1992: 440, 618, 225, 227, 199 
1993: 757, 703, 298, 154, 689 
1994: 228, 424, 65, 1090, 154 
1995: 227, 89, 154, 190, 65 
1996: 288, 6626, 278, 15102, 267 
1997: 959, 1415, 154, 1412, 163 
1998: 228, 533, 89, 207, 498 
1999: 1044, 227, 1104, 154, 190 
2000: 300, 292, 89, 306, 295 
2001: 503, 1360, 918, 843, 917 
2003: 2676, 744, 4865, 2671, 238 
2004: 333, 67, 498, 292, 288 
2005: 16126, 16129, 16124, 16125, 1835 
2006: 2161, 2672, 2673, 2670, 2688 
2007: 1358, 854, 1360, 1369, 917 
2008: 1048, 533, 228, 154, 190 
2009: 425, 225, 65, 229, 207 
2010: 1400, 1048, 65, 1090, 190 
2011: 228, 227, 154, 190, 65 
2013: 716, 225, 228, 424, 227 
2014: 1019, 1027, 999, 159, 1014 
2015: 2172, 843, 920, 2370, 812 
2016: 4395, 418, 53, 603, 64 
2017: 190, 1400, 154, 229, 207 
2018: 349, 701, 89, 295, 300 
2019: 8728, 8727, 4361, 12693, 12692 
2020: 67, 466, 227, 292, 289 
2021: 325, 67, 349, 461, 89 
2022: 466, 292, 966, 333, 288 
2023: 701, 295, 466, 289, 300 
2024: 533, 227, 424, 65, 207 
2025: 997, 599, 998, 187, 1014 
2027: 344, 295, 461, 89, 288 
2028: 616, 2161, 2671, 778, 2673 
2029: 227, 229, 207, 154, 190 
2030: 13505, 13506, 13501, 13499, 13504 
2031: 299, 306, 701, 466, 300 
2032: 228, 190, 207, 229, 154 
2033: 461, 701, 67, 295, 292 
2034: 425, 429, 199, 65, 1048 
2035: 3691, 2139, 13045, 227, 10108 
2036: 12111, 12112, 11652, 613, 154 
2037: 55, 349, 89, 289, 295 
2038: 55, 344, 67, 302, 288 
2039: 227, 533, 67, 229, 190 
2040: 701, 295, 292, 333, 288 
2041: 300, 536, 486, 412, 209 
2042: 220, 234, 377, 918, 917 
2043: 687, 6771, 8468, 14208, 816 
2044: 229, 2277, 440, 225, 227 
2045: 1784, 173, 3828, 758, 1788 
2046: 917, 918, 378, 978, 190 
2047: 2668, 51, 59, 159, 238 
2048: 8849, 8845, 2054, 9422, 8848 
2051: 599, 227, 441, 429, 418 
2052: 59, 1412, 959, 997, 51 
2053: 821, 1339, 918, 518, 707 
2054: 291, 306, 333, 295, 300 
2055: 997, 1303, 1295, 30, 59 
2056: 67, 288, 292, 89, 289 
2057: 227, 65, 230, 190, 498 
2058: 701, 89, 295, 292, 288 
2059: 299, 55, 67, 701, 89 
2060: 841, 188, 923, 953, 503 
2061: 466, 299, 300, 89, 292 
2062: 1048, 533, 207, 89, 154 
2064: 209, 377, 89, 300, 190 
2065: 302, 306, 295, 292, 466 
2066: 503, 377, 1714, 1044, 930 
2067: 4938, 15044, 4942, 805, 825 
2068: 67, 295, 288, 292, 289 
2069: 289, 377, 333, 89, 498 
2070: 1180, 89, 234, 412, 209 
2071: 55, 701, 299, 349, 288 
2072: 295, 466, 333, 292, 300 
2075: 300, 72, 295, 288, 89 
2076: 498, 292, 288, 300, 289 
2077: 190, 1369, 163, 234, 227 
2078: 707, 65, 227, 190, 154 
2079: 291, 295, 325, 292, 288 
2080: 187, 1001, 1713, 1014, 51 
2081: 190, 207, 65, 154, 227 
2083: 187, 163, 511, 59, 599 
2084: 217, 1400, 439, 1090, 207 
2086: 225, 229, 190, 1090, 207 
2087: 55, 291, 466, 89, 292 
2088: 306, 67, 257, 289, 292 
2090: 227, 226, 873, 884, 159 
2091: 2226, 2976, 14840, 16498, 16699 
2092: 229, 533, 1090, 225, 154 
2093: 227, 163, 562, 868, 1412 
2094: 292, 466, 333, 288, 344 
2095: 8450, 9048, 8454, 2314, 8425 
2096: 229, 65, 207, 533, 227 
2097: 1090, 65, 229, 190, 227 
2099: 17955, 17957, 17954, 12854, 603 
2100: 8325, 3864, 8321, 8328, 8329 
